1.459684,1.562673,2.006248,1.928698,1.807600,1.496008,1.583864,4.692998,2.394500,2.045925,1.638146,1.731591,2.478915,2.117391,1.732610,1.615339,63.765335,-675.717346,-733.463989,6393.333333,2800.000000,1540.000000
1.488527,1.595552,2.020741,1.968491,1.854170,1.532972,1.633913,4.673641,2.391987,2.046175,1.645469,1.731542,2.483328,2.126566,1.755159,1.642696,62.060839,-677.075106,-732.919583,6783.492063,3248.888889,1780.846561
1.493879,1.595675,2.014567,1.970326,1.869910,1.537953,1.651513,4.643287,2.379083,2.035579,1.637043,1.733419,2.478094,2.121803,1.752381,1.647152,63.150446,-675.186559,-733.444454,7139.259259,3620.634921,1965.925926
1.525300,1.629287,2.037750,1.991014,1.916569,1.573671,1.704012,4.653852,2.381428,2.044623,1.652373,1.750340,2.489716,2.133629,1.776705,1.683373,62.852409,-674.577558,-734.116882,7530.793651,3689.841270,2085.396825
1.540954,1.646405,2.044567,2.020248,1.943597,1.596846,1.729057,4.639481,2.373712,2.040426,1.651317,1.741679,2.495716,2.136953,1.783001,1.694465,62.700439,-674.587148,-733.201746,7777.566138,3874.920635,2172.698413
1.547167,1.656278,2.049518,2.034124,1.959033,1.612372,1.743444,4.650478,2.368384,2.038987,1.651699,1.751883,2.497727,2.136499,1.783583,1.704229,62.230514,-673.867515,-733.087765,8049.312169,3865.396825,1985.079365
1.565803,1.672223,2.068087,2.049545,1.983201,1.635950,1.766266,4.645711,2.358475,2.033738,1.652106,1.738374,2.492605,2.130069,1.776589,1.712189,62.459575,-673.387993,-732.362964,8055.555556,3725.714286,1944.126984
1.568975,1.678294,2.069399,2.070905,1.997953,1.646334,1.776195,4.650569,2.361846,2.035342,1.650843,1.734974,2.508150,2.136708,1.777136,1.714479,61.333079,-674.144885,-732.395060,7910.370370,3458.518519,1821.481481
1.574907,1.687682,2.087064,2.083308,2.004898,1.658253,1.780429,4.681850,2.359387,2.034727,1.653416,1.738835,2.494663,2.124991,1.759626,1.711980,63.620373,-674.725115,-729.856199,7673.121693,3035.555556,1741.587302
1.581322,1.683672,2.093444,2.086378,2.012866,1.666056,1.785824,4.650056,2.350374,2.022284,1.644495,1.708134,2.492377,2.115861,1.742098,1.703222,63.987754,-674.011002,-731.269672,7387.619048,2674.285714,1568.571429
1.580084,1.684332,2.088999,2.098472,2.016064,1.666800,1.787133,4.695664,2.362531,2.027496,1.647718,1.714004,2.503939,2.122784,1.741210,1.706416,64.507109,-673.261114,-730.647415,6853.439153,2187.936508,1435.238095
1.584908,1.684692,2.106253,2.097605,2.018474,1.669597,1.789694,4.705655,2.356602,2.020235,1.646245,1.709919,2.477051,2.102182,1.711270,1.691745,63.214628,-674.422275,-731.117311,6417.883598,1727.195767,1220.634921
1.582885,1.666561,2.094023,2.095064,2.005677,1.662530,1.780492,4.704426,2.353950,2.007718,1.638837,1.683949,2.479224,2.100319,1.700866,1.684503,64.766787,-674.957120,-731.763193,5883.174603,1437.777778,1161.904762
1.583126,1.662733,2.092016,2.098878,2.003499,1.656048,1.780136,4.758254,2.362211,2.011010,1.641278,1.691133,2.480027,2.101535,1.693162,1.684336,64.499364,-676.638750,-730.880145,5541.904762,1116.719577,1195.449735
1.583262,1.663243,2.098701,2.099557,2.004078,1.657997,1.780156,4.784908,2.361084,2.007483,1.643591,1.690237,2.462925,2.090805,1.676640,1.675266,65.730244,-675.368784,-731.555896,5322.962963,1031.851852,1228.148148
1.583443,1.646963,2.091665,2.100592,1.983811,1.636862,1.767712,4.812157,2.366409,2.006585,1.644887,1.673518,2.471110,2.098016,1.671816,1.670855,67.517733,-676.200896,-731.337153,5085.714286,1030.158730,1262.222222
1.577500,1.643925,2.086806,2.106708,1.982321,1.633203,1.763887,4.856160,2.372718,2.010040,1.645904,1.670416,2.476971,2.100380,1.667095,1.670126,65.662744,-676.002462,-732.054589,5164.656085,1025.925926,1394.074074
1.583979,1.656262,2.100814,2.118337,1.990533,1.640914,1.769243,4.911082,2.384378,2.023131,1.662110,1.678648,2.483501,2.110917,1.672933,1.676126,64.985149,-676.449528,-731.127664,4956.613757,1097.989418,1515.343915
1.581135,1.649801,2.100421,2.121208,1.976232,1.630818,1.755748,4.949230,2.393783,2.031659,1.671322,1.664092,2.504940,2.124633,1.675023,1.674766,65.544708,-676.122356,-732.112865,5017.142857,1206.666667,1738.095238
1.575080,1.648487,2.094020,2.131830,1.977731,1.634969,1.751594,4.982868,2.400979,2.034432,1.671014,1.655182,2.522157,2.132626,1.680856,1.678258,64.960436,-677.849727,-733.818863,5070.370370,1306.772487,1813.015873
1.582341,1.657921,2.103152,2.130527,1.979918,1.654228,1.754958,5.065054,2.412175,2.045479,1.689051,1.661675,2.538694,2.147747,1.691156,1.687953,64.295383,-676.854163,-730.566989,5150.582011,1410.264550,1829.841270
1.581515,1.664370,2.111131,2.140054,1.982862,1.668217,1.752346,5.094017,2.421440,2.054501,1.699033,1.655040,2.564333,2.159394,1.700275,1.690302,64.578668,-675.639866,-732.139423,5315.555556,1488.888889,1766.666667
1.572627,1.652424,2.091449,2.128898,1.967351,1.667987,1.736326,5.115143,2.421304,2.047532,1.692583,1.648237,2.578610,2.162020,1.705379,1.691546,65.101341,-678.644596,-732.794902,5378.412698,1598.412698,1828.571429
1.584537,1.658443,2.096012,2.110034,1.976153,1.692755,1.754516,5.190059,2.426978,2.046427,1.700384,1.653360,2.589769,2.163159,1.700928,1.694045,63.690457,-677.715804,-732.814087,5414.497354,1712.804233,1771.957672
1.588665,1.678982,2.121960,2.141691,1.977436,1.710767,1.748283,5.196579,2.456665,2.071070,1.714801,1.671178,2.617335,2.172587,1.714854,1.696956,64.798874,-678.002421,-731.128023,5561.904762,1704.444444,1765.714286
1.579559,1.666870,2.106374,2.106164,1.959279,1.693794,1.743223,5.181756,2.446546,2.059987,1.705460,1.668301,2.613530,2.159654,1.704270,1.690506,65.844958,-678.982484,-731.708252,5719.576720,1821.798942,1707.407407
1.601283,1.686756,2.133137,2.131334,1.976481,1.713702,1.766182,5.218080,2.480943,2.079104,1.718616,1.682793,2.632587,2.159050,1.692963,1.685124,64.695596,-677.537661,-731.187768,5885.396825,1844.973545,1589.947090
1.599970,1.711385,2.157916,2.161245,1.971805,1.718748,1.760283,5.190646,2.502650,2.105541,1.733605,1.707329,2.649851,2.164412,1.711094,1.691608,65.677497,-678.124142,-731.512003,6045.714286,1891.428571,1556.190476
1.593682,1.705867,2.163089,2.151850,1.963598,1.688881,1.764022,5.149367,2.514564,2.114559,1.732790,1.706368,2.652260,2.155095,1.688405,1.677132,66.424805,-678.500763,-730.060908,6017.777778,1860.740741,1436.296296
1.611082,1.738518,2.206600,2.233261,1.973270,1.717721,1.772750,5.170706,2.575329,2.157930,1.759032,1.720022,2.696023,2.176376,1.698079,1.675053,69.035954,-679.298234,-730.252348,6113.333333,1866.666667,1431.216931
1.595089,1.742653,2.203615,2.229293,1.961875,1.700143,1.764512,5.103479,2.553112,2.157505,1.758643,1.734002,2.673759,2.162051,1.699633,1.673635,67.252155,-678.706207,-729.550038,6122.857143,1768.888889,1303.174603
1.588874,1.743852,2.223076,2.271889,1.955585,1.692121,1.758320,5.105730,2.595350,2.185546,1.768430,1.732432,2.715195,2.183453,1.690194,1.661730,67.920894,-678.470144,-731.573595,6207.724868,1769.735450,1355.449735
1.591577,1.762898,2.243903,2.327602,1.956380,1.716109,1.757070,5.129360,2.635170,2.215827,1.787349,1.737545,2.765481,2.218339,1.713389,1.661531,67.181335,-678.591861,-730.509073,6222.645503,1696.825397,1391.746032
1.572286,1.751535,2.228423,2.323048,1.939630,1.703953,1.738405,5.086559,2.605613,2.198966,1.778057,1.742489,2.741342,2.206233,1.701415,1.651995,66.749769,-678.598860,-731.315045,6148.571429,1773.333333,1410.158730
1.567877,1.759498,2.248425,2.369037,1.940497,1.718339,1.732871,5.124576,2.649086,2.223010,1.786377,1.736701,2.818960,2.254248,1.714493,1.644438,67.976593,-679.100885,-732.222814,6228.677249,1778.095238,1537.460317
1.563287,1.759013,2.242474,2.379141,1.937593,1.726531,1.730957,5.171647,2.661800,2.229137,1.792434,1.742591,2.857022,2.285076,1.726847,1.644666,67.930118,-679.125596,-733.239382,6244.444444,1828.888889,1623.703704
1.554312,1.754575,2.243228,2.391786,1.928405,1.725779,1.720494,5.160440,2.650700,2.214314,1.783370,1.745989,2.870170,2.294343,1.727887,1.643429,68.788082,-678.160658,-733.344490,6301.904762,1937.142857,1715.238095
1.557482,1.766943,2.261680,2.418087,1.937305,1.737068,1.724973,5.198363,2.698430,2.238500,1.793146,1.740798,2.995807,2.377073,1.764380,1.653941,67.427362,-679.492241,-732.593859,6352.910053,1913.333333,1947.936508
1.557190,1.767748,2.260529,2.449979,1.939975,1.744164,1.731000,5.258768,2.721635,2.243155,1.801599,1.754827,3.010709,2.389899,1.770622,1.660482,69.044437,-678.003514,-733.302068,6566.031746,2053.121693,2212.380952
1.551041,1.772129,2.279843,2.474803,1.927689,1.737336,1.727293,5.213530,2.714864,2.231121,1.791809,1.751067,3.062994,2.422318,1.793711,1.676551,71.042179,-678.296751,-733.971925,6679.365079,2109.206349,2370.793651
1.557055,1.781061,2.292843,2.499815,1.928495,1.736414,1.726957,5.210785,2.766433,2.257182,1.806482,1.752382,3.172015,2.494530,1.834075,1.699304,69.145876,-678.456479,-734.902557,6872.169312,2146.666667,2625.502646
1.553473,1.791520,2.315201,2.567439,1.931830,1.750284,1.728889,5.251669,2.794132,2.268716,1.816936,1.762458,3.210834,2.520257,1.861293,1.719541,68.972882,-676.886619,-735.911025,7083.280423,2165.185185,2893.227513
1.534505,1.776972,2.312241,2.565977,1.890252,1.721074,1.698065,5.154779,2.780875,2.248716,1.797958,1.742728,3.235583,2.529244,1.863345,1.715677,68.924193,-677.514415,-734.587195,7288.888889,2148.888889,3066.666667
1.533475,1.785342,2.337393,2.614295,1.891132,1.730398,1.690970,5.119536,2.829267,2.277607,1.812162,1.743768,3.309147,2.576236,1.901358,1.737833,68.061800,-677.451352,-732.561395,7348.253968,2283.174603,3351.005291
1.515019,1.788791,2.359775,2.659274,1.862480,1.731522,1.656087,5.125763,2.848826,2.289583,1.815973,1.730466,3.347620,2.600431,1.918050,1.737665,68.714311,-678.147754,-733.901102,7477.460317,2259.576720,3453.333333
1.477727,1.752022,2.327583,2.630170,1.796897,1.692391,1.588443,4.993669,2.815381,2.256235,1.782906,1.695936,3.330538,2.575601,1.892670,1.699614,68.817960,-677.685933,-734.094746,7620.952381,2347.619048,3679.047619
1.478096,1.770227,2.380908,2.679985,1.807421,1.708582,1.587477,4.980513,2.883427,2.304780,1.806344,1.695979,3.408257,2.628792,1.927523,1.719945,68.867386,-677.738324,-735.960065,7798.941799,2453.015873,3808.677249
1.450334,1.771545,2.408544,2.717966,1.748977,1.694293,1.516592,4.942423,2.921679,2.332119,1.809277,1.661464,3.431180,2.636517,1.918328,1.682153,68.426231,-676.519221,-733.745465,7975.661376,2648.253968,3975.132275
1.422105,1.745275,2.378320,2.682772,1.713611,1.661437,1.477159,4.830942,2.890137,2.303887,1.782625,1.636421,3.411605,2.613950,1.893226,1.649519,68.400780,-676.442146,-733.323466,8124.444444,2611.428571,4153.333333
1.423471,1.774140,2.468780,2.777770,1.706066,1.675583,1.461855,4.851843,3.019047,2.389757,1.823147,1.630948,3.518173,2.686315,1.923170,1.655582,68.229629,-676.422230,-734.602677,8000.740741,2660.000000,4220.740741
1.413053,1.796258,2.514236,2.824314,1.673788,1.660785,1.425925,4.798834,3.074454,2.433172,1.838760,1.614418,3.541685,2.696095,1.925854,1.636133,68.028235,-676.199423,-734.622247,7878.518519,2660.000000,4392.486772
1.397693,1.784335,2.504084,2.836867,1.665607,1.642497,1.424854,4.766631,3.087408,2.427055,1.826748,1.604639,3.568802,2.705449,1.927688,1.627971,67.088381,-676.763057,-733.639947,7793.333333,2750.793651,4546.031746
1.406282,1.833837,2.637203,2.994815,1.652838,1.673690,1.411388,4.830755,3.257918,2.539038,1.885109,1.605431,3.689273,2.793390,1.969084,1.648194,66.972191,-678.057756,-733.835817,7567.513228,2814.074074,4705.820106
1.409854,1.846247,2.655310,3.020447,1.638107,1.659679,1.417272,4.828200,3.282630,2.557303,1.893454,1.618259,3.720187,2.802534,2.003863,1.663772,66.102055,-675.759046,-732.932488,7136.296296,2902.539683,4677.248677
1.398467,1.857170,2.694185,3.117386,1.633750,1.695247,1.413503,4.957784,3.346771,2.583988,1.901190,1.613571,3.798372,2.852291,2.040601,1.680659,66.255131,-676.221927,-733.132049,6872.380952,3084.761905,4803.809524
1.427198,1.921639,2.817243,3.255689,1.637389,1.761396,1.415088,5.001204,3.439160,2.651808,1.950979,1.631817,3.860923,2.898644,2.083382,1.708387,64.430387,-676.576770,-733.688637,6384.338624,3207.936508,4916.931217
1.429748,1.921370,2.805913,3.263646,1.631794,1.779205,1.422952,5.157596,3.427478,2.643178,1.952399,1.647526,3.926152,2.929763,2.140887,1.738139,64.359196,-676.969610,-734.328982,5897.037037,3135.555556,4908.148148
1.461656,2.013614,2.928076,3.435865,1.696415,1.922062,1.448402,5.358078,3.502134,2.696746,1.995054,1.666360,3.970903,2.962405,2.171873,1.754639,65.396429,-678.305615,-735.162602,5817.777778,3155.238095,4969.841270
1.527732,2.109277,3.019450,3.513382,1.750819,2.032618,1.473208,5.441382,3.501101,2.720471,2.048896,1.695081,4.004083,2.982560,2.226080,1.784847,65.248147,-678.799151,-735.413789,6079.894180,3093.227513,5117.248677
1.545367,2.156561,3.055803,3.567738,1.798857,2.098044,1.504667,5.627103,3.526494,2.743771,2.066904,1.715958,4.077399,3.023435,2.268235,1.802403,65.638768,-680.236600,-735.094356,6429.947090,3256.613757,5168.783069
1.678320,2.384534,3.284743,3.785714,2.017013,2.376936,1.621784,5.964469,3.641019,2.865896,2.189083,1.786705,4.100947,3.050319,2.311854,1.829384,65.222694,-680.081680,-734.259637,7197.142857,3443.174603,5266.349206
1.751913,2.493310,3.349912,3.832498,2.084672,2.482484,1.649988,6.005455,3.652757,2.903232,2.241055,1.807873,4.155644,3.077167,2.350919,1.846380,65.695571,-678.629854,-730.388085,7743.597884,3501.058201,5227.724868
1.805507,2.597083,3.490502,3.958644,2.204788,2.602306,1.739788,6.231712,3.777002,2.999064,2.302197,1.860436,4.251072,3.148498,2.398861,1.875305,66.646120,-680.589593,-732.606773,8106.349206,3751.957672,5320.000000
1.977729,2.853604,3.772957,4.168999,2.469979,2.897789,1.908191,6.667945,3.985472,3.200053,2.467373,1.963287,4.341131,3.225286,2.446398,1.919449,65.229334,-681.945158,-729.792376,8493.333333,4060.000000,5206.666667
2.015369,2.910313,3.857611,4.224141,2.512155,2.974870,1.931874,6.742076,4.052066,3.248082,2.493980,1.971859,4.454505,3.302514,2.491034,1.952660,62.830278,-681.789877,-730.966826,8826.984127,4160.317460,5257.354497
2.086802,3.031366,4.132825,4.382526,2.641892,3.114604,2.047166,7.010707,4.261592,3.408000,2.596348,2.041542,4.585812,3.410590,2.541706,2.000789,63.810333,-681.334686,-729.046546,9118.835979,4272.910053,5288.359788
2.193805,3.161563,4.298110,4.464024,2.817766,3.290755,2.175842,7.395511,4.400845,3.527435,2.681567,2.108634,4.745161,3.536802,2.603063,2.065244,64.308662,-681.306652,-731.121389,9431.746032,4560.317460,5357.142857
2.208017,3.200838,4.589433,4.597727,2.851400,3.419215,2.184292,7.641409,4.548498,3.606883,2.705886,2.121089,4.900470,3.646111,2.643939,2.098556,64.170709,-682.091954,-732.574705,9977.989418,4627.301587,5382.751323
2.238638,3.237578,4.793509,4.649113,2.911643,3.455449,2.270318,7.821952,4.677939,3.696395,2.752756,2.163943,5.030475,3.751245,2.691941,2.149178,64.558011,-683.385926,-734.814032,10343.068783,4720.000000,5361.375661
2.294696,3.314436,4.974931,4.735506,3.043421,3.633783,2.342770,8.215656,4.779617,3.763624,2.785952,2.195300,5.186944,3.859271,2.738804,2.176476,64.502312,-681.792442,-735.372837,10744.126984,4799.365079,5457.777778
2.290004,3.341310,5.374965,4.881263,3.065373,3.761211,2.332867,8.636421,4.918290,3.830700,2.791786,2.212607,5.345405,3.963170,2.767756,2.188416,64.374688,-682.107834,-737.200186,11554.814815,4900.000000,5506.666667
2.292045,3.345598,5.460974,4.912929,3.086258,3.773749,2.364709,8.751786,4.966819,3.857575,2.798272,2.228400,5.429883,4.019802,2.796159,2.198151,64.183252,-680.383037,-740.897628,12596.719577,4981.798942,5627.936508
2.346255,3.463820,5.818259,5.057235,3.237797,3.986919,2.433423,9.265096,5.082963,3.949086,2.842985,2.273636,5.583378,4.120279,2.844824,2.200471,66.822802,-680.354992,-741.879516,13563.809524,5170.476190,5641.904762
2.339451,3.512366,6.005710,5.221091,3.257647,4.100884,2.417225,9.731461,5.168100,3.992768,2.851604,2.302808,5.699917,4.187533,2.869955,2.190956,66.635792,-678.880322,-743.667743,14804.444444,5354.074074,5857.671958
2.350351,3.557534,6.167366,5.275316,3.292884,4.150557,2.437553,9.800000,5.216918,4.046332,2.878447,2.323966,5.766062,4.232695,2.903379,2.195539,67.289041,-677.922019,-742.914524,16056.296296,5433.439153,6112.486772
2.422751,3.719694,6.445393,5.472718,3.453066,4.341977,2.532928,10.478319,5.364177,4.187644,2.980427,2.416554,5.998519,4.408081,3.045337,2.285400,66.625834,-677.488963,-743.577022,17284.761905,5796.825397,6303.809524
2.428413,3.798237,6.511008,5.619849,3.474453,4.439141,2.539320,10.683511,5.440977,4.247966,3.011351,2.482156,6.038623,4.423493,3.044093,2.285184,68.545743,-676.822814,-746.549625,18258.201058,6058.095238,6579.365079
2.460621,3.853769,6.640366,5.679814,3.540064,4.485345,2.574877,10.993449,5.515917,4.344877,3.093575,2.532912,6.189937,4.566024,3.176088,2.395474,68.604023,-675.704440,-745.155353,19388.148148,6505.185185,6772.592593
2.541809,4.018630,6.796168,5.905281,3.662742,4.625771,2.692255,11.505316,5.754559,4.559568,3.244401,2.684330,6.478872,4.791372,3.380198,2.614300,68.749353,-675.757180,-745.761395,20328.253968,6814.603175,7062.222222
2.558450,4.044448,6.819332,5.959117,3.705921,4.660770,2.716114,11.743303,5.790063,4.590938,3.275157,2.744816,6.480381,4.808463,3.372455,2.638766,68.442094,-674.973360,-746.056842,21087.301587,6978.201058,7406.878307
2.607414,4.129380,6.887116,6.117365,3.770370,4.725582,2.753946,12.090243,5.979038,4.760266,3.410510,2.822598,6.735412,5.028788,3.590314,2.853689,67.719500,-674.238959,-743.800544,21726.243386,7080.105820,7601.058201
2.682796,4.199792,7.010851,6.226693,3.847503,4.771982,2.866013,12.533387,6.238410,4.971164,3.552207,2.986662,6.979949,5.234895,3.745839,3.081706,68.223728,-672.058997,-742.035531,21868.571429,6881.904762,7822.857143
2.715950,4.239705,7.053126,6.378358,3.915693,4.830533,2.879360,12.737782,6.316493,5.007661,3.586351,3.002212,6.979961,5.248912,3.751572,3.095517,70.266837,-672.175925,-740.214495,21985.079365,6696.190476,8009.312169
2.751165,4.272772,7.124086,6.449393,3.933405,4.850506,2.915945,13.066905,6.559216,5.199752,3.715965,3.090264,7.291491,5.497613,3.967382,3.318928,69.696951,-673.692675,-740.425482,21834.920635,6381.481481,8016.507937
2.823220,4.331375,7.294485,6.644996,3.998477,4.937985,2.984221,13.408044,6.850168,5.387634,3.830678,3.179298,7.450927,5.630451,4.033655,3.439513,70.597332,-674.555450,-742.519108,21537.777778,5782.222222,7995.555556
2.839107,4.354332,7.362510,6.749581,4.022721,4.966728,2.995694,13.586832,6.974937,5.457112,3.862513,3.184578,7.549096,5.688518,4.070214,3.451586,71.139189,-674.652077,-742.461932,21631.640212,5155.978836,8115.238095
2.867770,4.389242,7.463253,6.851140,4.037216,5.036480,3.033724,13.806397,7.231795,5.638755,3.976498,3.231230,7.810415,5.896865,4.205967,3.579140,71.374150,-674.256278,-744.805663,21917.671958,4744.550265,8162.328042
2.890730,4.427512,7.588348,6.995342,4.056340,5.112837,3.053739,13.983235,7.439779,5.764048,4.033923,3.252263,7.970488,5.999918,4.253594,3.622916,71.741536,-674.745760,-745.264537,21989.841270,4217.142857,8115.555556
2.897493,4.457305,7.644201,7.070948,4.057461,5.174100,3.102508,14.145334,7.576098,5.855158,4.083565,3.261130,8.124193,6.100280,4.300000,3.630925,72.178262,-672.721828,-745.018881,22237.989418,3622.962963,8099.047619
2.906760,4.497442,7.733723,7.172550,4.077951,5.238408,3.125805,14.194067,7.802753,6.008797,4.163966,3.269486,8.392347,6.295535,4.413779,3.694778,71.710180,-670.813744,-743.882427,22148.253968,3106.560847,7908.465608
2.915793,4.537841,7.790852,7.224673,4.116393,5.328910,3.174821,14.344520,7.892215,6.067711,4.190409,3.291114,8.513845,6.370269,4.449081,3.719152,72.718640,-671.275562,-742.882068,21942.857143,2555.238095,7557.142857
2.915107,4.576779,7.833512,7.291638,4.109518,5.398088,3.220136,14.428211,8.019275,6.164229,4.250684,3.297298,8.670338,6.477779,4.505460,3.732803,69.215958,-671.030987,-740.629092,20485.185185,1083.703704,7057.777778
2.960352,4.623944,7.930671,7.330510,4.187097,5.429439,3.292025,14.557941,8.212074,6.304336,4.324185,3.343628,8.939050,6.674169,4.614961,3.801489,67.351745,-672.381734,-737.308238,19009.841270,-247.301587,6561.164021
2.981048,4.691578,7.981962,7.369036,4.276468,5.539333,3.356274,14.662186,8.244966,6.340181,4.351375,3.377018,8.989609,6.709102,4.633674,3.819258,65.858977,-673.452177,-737.290553,18117.460317,-690.793651,5984.126984
3.014381,4.715406,8.063869,7.390763,4.298284,5.569846,3.394399,14.880255,8.393753,6.444327,4.413215,3.413764,9.145045,6.815607,4.686316,3.855279,66.762677,-675.968174,-735.971515,16932.910053,-1115.449735,5351.005291
3.109699,4.797457,8.191564,7.421478,4.429853,5.616283,3.522253,15.079766,8.520598,6.560668,4.496178,3.498615,9.275788,6.930749,4.745542,3.917477,65.145605,-676.656455,-742.088665,16205.502646,-1654.814815,4884.867725
3.141095,4.846504,8.259186,7.435710,4.533735,5.696307,3.556942,15.220661,8.568220,6.598590,4.523555,3.536405,9.302956,6.952565,4.763529,3.930201,65.302368,-680.653772,-742.959540,15849.206349,-2270.158730,4489.841270
3.217953,4.887408,8.381280,7.445414,4.602283,5.728725,3.626012,15.527264,8.694501,6.696918,4.589934,3.598045,9.397895,7.028480,4.791433,3.984040,67.674867,-682.436842,-744.624555,16254.497354,-2638.624339,4149.841270
3.288675,4.937394,8.449758,7.461083,4.688590,5.766102,3.723283,15.632813,8.744764,6.749689,4.636183,3.653637,9.427955,7.069745,4.828273,4.018146,66.602962,-685.043555,-741.868440,16571.851852,-2914.074074,3805.925926
3.333949,4.967686,8.526439,7.439282,4.795745,5.832290,3.755287,15.816602,8.781294,6.775968,4.657457,3.693856,9.418636,7.070307,4.832664,4.029582,66.039346,-686.705648,-738.470163,16376.190476,-3011.428571,3597.142857
3.378783,4.982160,8.566418,7.426733,4.837932,5.849106,3.836763,15.983429,8.818656,6.815885,4.684708,3.721069,9.472641,7.116145,4.861788,4.082758,64.910640,-685.744373,-736.042322,15341.481481,-3517.037037,3080.317460
3.414751,4.994424,8.598375,7.420077,4.872858,5.889643,3.898395,16.004296,8.826660,6.825266,4.699976,3.747170,9.469794,7.125531,4.902353,4.100708,65.105767,-683.789072,-736.436640,14169.206349,-4385.714286,2873.227513
3.429830,4.976689,8.597212,7.367060,4.938131,5.911140,3.943582,16.104463,8.810304,6.809830,4.678222,3.755234,9.474920,7.124581,4.895760,4.102054,63.949027,-684.149447,-731.015153,13265.714286,-5272.380952,2850.476190
3.435280,4.958630,8.593213,7.369366,4.931959,5.918060,3.994204,16.157537,8.851326,6.852174,4.702152,3.760471,9.575569,7.192270,4.976350,4.163452,64.941256,-686.253040,-727.622749,12366.666667,-5693.015873,2547.195767
3.451052,4.933541,8.584629,7.339669,4.951671,5.928702,4.027452,16.136238,8.818310,6.830094,4.679774,3.770083,9.581950,7.191677,4.993083,4.164167,62.134240,-686.495751,-723.924210,11567.089947,-5922.010582,2299.788360
3.447440,4.884257,8.563309,7.382124,4.959760,5.911343,4.062289,16.222613,8.909892,6.890055,4.676743,3.764734,9.753890,7.286394,5.063825,4.178169,61.317589,-686.399116,-723.549075,9766.666667,-5966.666667,1855.555556
3.441801,4.875998,8.565606,7.414271,4.952336,5.915269,4.088415,16.250179,9.025058,7.006899,4.749739,3.784351,9.881597,7.370310,5.160253,4.244619,60.197363,-686.406117,-720.238202,8004.126984,-6060.634921,1136.507937
3.468155,4.816539,8.531459,7.439289,4.957490,5.897810,4.087784,16.374115,9.015077,6.985074,4.699855,3.789937,9.962986,7.399526,5.175573,4.242467,60.069739,-684.068684,-719.746898,5957.037037,-6981.375661,559.365079
3.477873,4.827116,8.581534,7.667909,4.946956,5.893528,4.101911,16.505190,9.398857,7.283242,4.846167,3.828336,10.360427,7.650063,5.373294,4.314652,61.225742,-683.206652,-718.123544,3828.571429,-8149.523810,-72.380952
3.491108,4.818455,8.554093,7.705114,4.969052,5.929029,4.111433,16.699895,9.465935,7.354396,4.890749,3.852325,10.442243,7.702446,5.440850,4.388677,61.357056,-688.569127,-716.846194,2412.910053,-9454.920635,-658.518519
3.535242,4.844271,8.620438,7.938524,4.947304,5.930920,4.096376,16.897682,9.784805,7.583135,4.988410,3.890053,10.778587,7.899484,5.572829,4.441172,61.151971,-689.892591,-713.581789,1792.910053,-10485.714286,-1158.306878
3.524118,4.836854,8.577602,8.059613,4.959021,5.968425,4.103614,17.096190,10.068823,7.803971,5.106266,3.929272,11.060761,8.086063,5.740036,4.544061,61.393942,-692.459834,-710.126331,1586.349206,-10644.444444,-1396.190476
3.592911,4.927610,8.643458,8.289930,5.006097,6.079698,4.107802,17.364063,10.220033,7.915189,5.175471,3.945799,11.201835,8.173046,5.808362,4.596765,62.213546,-695.655639,-706.794425,640.740741,-10788.148148,-1657.777778
3.594736,4.963188,8.758192,8.459169,4.959910,6.050735,4.095663,17.448938,10.690929,8.265947,5.340794,4.015395,11.647843,8.461111,6.014214,4.710382,62.016207,-697.627171,-705.420420,-254.708995,-11150.582011,-1842.751323
3.604029,4.973321,8.586037,8.535280,5.012724,6.150662,4.113944,17.620775,10.711994,8.276288,5.351362,4.005271,11.667720,8.467207,6.049513,4.743783,63.307212,-700.573254,-702.585011,-792.380952,-11663.492063,-2096.825397
3.678593,5.127856,8.851599,8.824795,5.058530,6.254271,4.134634,17.653151,11.038887,8.516543,5.479979,4.045524,11.951945,8.655913,6.173453,4.805796,62.617077,-699.674714,-700.204021,-1129.735450,-11756.190476,-2334.074074
3.657236,5.139876,8.836286,8.894262,5.023836,6.208091,4.132680,17.632493,11.276714,8.699826,5.565625,4.075989,12.164788,8.797121,6.282892,4.865030,61.008853,-699.938823,-698.715312,-1171.322751,-11921.904762,-2177.566138
3.696938,5.194018,8.807742,8.987288,5.083590,6.282675,4.169748,17.501237,11.322276,8.736786,5.591692,4.076965,12.218157,8.834097,6.334847,4.893368,61.823293,-698.042513,-698.666620,-1908.571429,-11974.285714,-2262.857143
3.741564,5.324132,9.044965,9.238535,5.135035,6.386613,4.208856,17.477080,11.563568,8.908767,5.680788,4.102081,12.382890,8.944600,6.407956,4.924514,63.407542,-697.010074,-698.907851,-2832.698413,-11867.936508,-2046.666667
3.720282,5.325321,9.015358,9.284555,5.098569,6.309774,4.217730,17.193170,11.694479,9.034593,5.749056,4.120470,12.489182,9.022380,6.489428,4.960056,62.825483,-698.630097,-698.673993,-3000.000000,-11584.444444,-1899.259259
3.760915,5.364877,9.126354,9.388820,5.180942,6.418341,4.289418,17.155909,11.728489,9.050428,5.753890,4.111901,12.532835,9.051855,6.542827,4.995109,65.104291,-698.831503,-698.331328,-3566.349206,-11590.476190,-1831.746032
3.793903,5.495751,9.327042,9.685003,5.250994,6.578053,4.374257,17.162630,11.967729,9.240478,5.874839,4.133117,12.646734,9.136193,6.605649,5.015136,64.379851,-691.293147,-697.859932,-4046.560847,-11635.238095,-1829.417989
3.784051,5.451713,9.383055,9.670317,5.242362,6.515143,4.415563,16.873867,12.036081,9.315241,5.900522,4.166654,12.712448,9.179168,6.686156,5.063222,65.125684,-691.764174,-691.109064,-4637.566138,-11758.306878,-1698.201058
3.810869,5.502862,9.505881,9.849229,5.359842,6.743196,4.523304,17.196692,12.112581,9.370931,5.944650,4.134277,12.748997,9.212108,6.737919,5.110753,65.979591,-687.968247,-690.186915,-7125.714286,-11106.031746,-2140.952381
3.862773,5.613770,9.733727,10.090997,5.497125,6.965027,4.679043,17.324271,12.344824,9.569227,6.059016,4.190033,12.896922,9.316843,6.831537,5.147656,61.589439,-696.612809,-689.805894,-7146.243386,-12063.597884,-2189.312169
3.844291,5.548908,9.725736,10.045670,5.503148,6.956933,4.719082,17.214043,12.339355,9.577194,6.055787,4.183829,12.855253,9.286011,6.859684,5.191704,59.869819,-697.871737,-687.480987,-8264.550265,-12268.994709,-1639.047619
3.872783,5.606177,9.814968,10.166327,5.687330,7.263752,4.871226,17.717910,12.459173,9.699165,6.132948,4.180014,12.990246,9.397624,6.958876,5.257802,58.072002,-695.353524,-687.313148,-9673.333333,-11613.333333,-1400.000000
3.917596,5.674904,9.921709,10.313667,5.777118,7.394182,4.966868,17.824942,12.526329,9.751820,6.158533,4.213928,12.984576,9.381054,6.973436,5.260019,56.772880,-690.942724,-694.324414,-11244.550265,-10991.322751,-1528.253968
3.867380,5.582167,9.778323,10.158232,5.827057,7.444952,4.983008,17.767909,12.472281,9.743517,6.149389,4.167403,12.983798,9.397887,7.012621,5.306309,54.159885,-695.609513,-693.043357,-12825.502646,-10631.216931,-1237.037037
3.897377,5.636493,9.788766,10.211983,5.976512,7.639472,5.103987,18.113267,12.491045,9.787861,6.172826,4.166427,13.031824,9.430185,7.048016,5.306966,53.760781,-699.469978,-693.744589,-13461.587302,-10183.809524,-762.539683
3.891137,5.621605,9.729845,10.185330,6.004820,7.668975,5.099625,18.108346,12.408285,9.724472,6.125597,4.152896,12.982501,9.394077,7.036966,5.326451,54.041114,-691.798100,-697.569278,-14066.137566,-9279.047619,-499.682540
3.846076,5.569637,9.559742,10.061038,6.078597,7.721655,5.084642,18.049880,12.277316,9.651654,6.075109,4.068668,12.942861,9.359060,6.998472,5.256197,52.537645,-685.058673,-691.675278,-15631.640212,-9554.814815,-326.560847
3.856061,5.588643,9.533615,10.042172,6.125870,7.742401,5.109939,18.097379,12.240337,9.649641,6.073292,4.074540,12.980377,9.398109,7.048645,5.314242,52.697360,-691.258079,-689.900333,-18880.952381,-10897.142857,-191.746032
3.837601,5.560063,9.436175,9.985237,6.173806,7.798441,5.093252,18.206176,12.091474,9.539819,5.987253,4.026668,12.932047,9.342267,6.976770,5.260204,54.648256,-692.156995,-694.586666,-20883.703704,-11641.481481,-208.148148
3.830234,5.600393,9.416763,10.012945,6.214731,7.825093,5.061334,18.177585,12.024015,9.499139,5.958170,3.974750,12.948009,9.335673,6.952528,5.205220,54.577802,-695.301145,-694.370875,-22323.386243,-12174.285714,-312.169312
3.841394,5.619236,9.460966,10.071451,6.227440,7.837174,5.051825,18.179482,11.993795,9.489973,5.949188,3.984628,12.982791,9.376675,6.999536,5.279605,52.557933,-695.795068,-692.628021,-24358.095238,-13017.142857,-513.333333
3.843784,5.639128,9.457824,10.106675,6.262193,7.910983,5.052683,18.383158,11.973335,9.472268,5.911059,3.975205,13.004191,9.351565,6.944140,5.227025,49.871166,-696.295228,-693.834943,-26088.253968,-13968.465608,-972.169312
3.873511,5.746589,9.568716,10.288651,6.275593,8.018488,5.035732,18.502319,11.974829,9.492203,5.930366,3.999168,13.140499,9.461456,7.040389,5.300019,46.192908,-698.926658,-684.954288,-27853.544974,-15982.328042,-1727.195767
3.877969,5.796217,9.712599,10.537007,6.268041,8.071112,5.020505,18.510632,12.060672,9.534894,5.941804,4.017746,13.116572,9.431623,7.035200,5.319150,47.183293,-699.827409,-687.407197,-30048.888889,-17041.269841,-2831.746032
3.895038,5.833789,9.751325,10.596080,6.263792,8.148889,5.022748,18.665667,12.172368,9.639929,5.989027,4.077115,13.316774,9.572416,7.143116,5.398808,47.918059,-696.913801,-683.189322,-31548.042328,-18184.338624,-4035.343915
3.882278,5.894168,9.809083,10.845285,6.228715,8.307435,4.986302,18.817426,12.126220,9.608598,5.975226,4.119000,13.384811,9.632554,7.251767,5.496512,52.484529,-692.694067,-706.043063,-33202.222222,-18894.814815,-5211.851852
3.898217,5.980482,10.017140,11.173847,6.206832,8.379612,4.965834,18.813973,12.342530,9.735732,6.041602,4.141099,13.405927,9.634537,7.255653,5.496351,48.724754,-699.808614,-692.842715,-33221.587302,-18488.253968,-6115.873016
3.876435,5.971081,9.948758,11.187598,6.165644,8.410584,4.905380,18.779744,12.384828,9.820814,6.102157,4.214372,13.642719,9.832527,7.455942,5.652437,49.757557,-692.131190,-690.702960,-33889.947090,-19042.962963,-7021.904762
3.819114,5.957985,9.956070,11.421738,6.080993,8.544969,4.830478,18.895058,12.322508,9.721453,6.024991,4.212634,13.598737,9.785965,7.474762,5.664306,47.622234,-689.540679,-680.894625,-34759.788360,-18693.439153,-8144.550265
3.844136,6.046164,10.104469,11.664827,6.087161,8.587203,4.809743,18.914228,12.517645,9.871041,6.131972,4.230195,13.691556,9.861017,7.513278,5.696909,47.422313,-694.347645,-676.434403,-37444.761905,-19373.333333,-9160.000000
3.795041,6.009304,10.017314,11.725468,6.054943,8.630652,4.692095,18.880173,12.465309,9.856371,6.137120,4.265761,13.782022,9.942074,7.630183,5.788229,51.489719,-698.670667,-692.734271,-39753.756614,-19293.650794,-9901.481481
3.763798,5.984385,10.020967,11.849782,5.975139,8.669924,4.646613,18.985292,12.485947,9.822136,6.099896,4.249857,13.770968,9.914722,7.604253,5.771708,53.892463,-697.189717,-700.170809,-41013.333333,-18814.179894,-10201.693122
3.765244,6.046673,10.083654,12.039745,6.045307,8.791748,4.621359,19.233673,12.532592,9.867242,6.154321,4.255044,13.800095,9.945253,7.625052,5.806806,51.023113,-697.677334,-701.310221,-41673.333333,-18542.222222,-10204.444444
3.766719,6.085483,10.151261,12.164961,6.046938,8.853841,4.555121,19.297329,12.593249,9.900034,6.184937,4.257429,13.839682,9.962360,7.643328,5.820324,50.629170,-697.925223,-701.867209,-42498.835979,-18607.195767,-10056.719577
3.758671,6.079370,10.127689,12.202394,6.034057,8.947097,4.539901,19.554554,12.594426,9.895286,6.177879,4.270123,13.816497,9.940453,7.621390,5.839027,46.807426,-699.755848,-700.501694,-42910.793651,-18267.089947,-9886.984127
3.760742,6.167134,10.264037,12.440103,6.144788,9.128557,4.558398,19.918653,12.634787,9.900694,6.189689,4.255796,13.878439,9.958339,7.639121,5.839036,45.054242,-701.735157,-700.873130,-43689.523810,-18366.666667,-9567.619048
3.811674,6.297024,10.402564,12.557049,6.220763,9.333544,4.572408,20.109603,12.747318,9.987618,6.246241,4.256502,13.928607,9.987113,7.666327,5.882418,42.617192,-704.496435,-698.447156,-44702.751323,-18725.396825,-9339.682540
3.808794,6.350805,10.460833,12.697959,6.289088,9.572076,4.569175,20.506326,12.635932,9.902897,6.199404,4.253889,13.806856,9.891161,7.619472,5.875737,44.612348,-705.687110,-709.973974,-45057.037037,-19257.037037,-8937.566138
3.836452,6.490651,10.663997,12.974260,6.435134,9.773274,4.640090,20.814256,12.813998,10.016846,6.238637,4.258194,14.159671,10.107168,7.795241,5.965253,41.682504,-702.467709,-706.292046,-44520.952381,-18606.666667,-8723.809524
3.892968,6.667598,10.841406,13.158743,6.614658,10.218516,4.691753,21.258758,12.708832,9.955893,6.216819,4.223598,14.029969,10.042738,7.796764,6.027180,39.109715,-699.149088,-700.419442,-44258.518519,-19027.407407,-8831.111111
3.929615,6.812564,11.063078,13.497206,6.695581,10.391543,4.686430,21.483987,12.782357,10.005984,6.247317,4.219532,14.092783,10.071907,7.827309,6.040084,38.770365,-705.112804,-696.239897,-44593.121693,-19204.867725,-8902.857143
3.925750,6.877681,11.097357,13.596436,6.898391,10.706256,4.784899,21.976901,12.759176,10.035458,6.232428,4.237160,14.461564,10.366554,8.103622,6.266639,38.436916,-716.941718,-691.865605,-43390.793651,-18446.031746,-8863.492063
4.016685,7.110053,11.401042,14.060945,7.126176,11.179337,4.839671,22.547541,12.593195,9.897768,6.179510,4.164684,14.248224,10.239465,8.061655,6.301098,41.745578,-711.999751,-676.656098,-41276.296296,-17375.555556,-9134.814815
4.042159,7.202195,11.531990,14.263104,7.172860,11.238874,4.819993,22.635832,12.731817,10.035891,6.276045,4.172517,14.435227,10.395206,8.168859,6.374676,50.899913,-719.769030,-728.683228,-39587.301587,-16434.391534,-9458.306878
4.016982,7.209677,11.482892,14.354839,7.391140,11.565290,4.912572,23.242679,12.522237,9.926593,6.192399,4.165237,14.616032,10.572266,8.382224,6.601080,35.274323,-704.188441,-710.589963,-36437.142857,-11729.206349,-9854.920635
4.113188,7.392368,11.747679,14.782056,7.528477,11.863137,4.929988,23.667641,12.487988,9.873399,6.198356,4.126591,14.434423,10.457378,8.325079,6.598398,46.431558,-712.814573,-743.965766,-36378.306878,-11587.301587,-10207.830688
4.071654,7.374706,11.672435,14.803978,7.578928,11.900052,4.910306,23.795532,12.468243,9.905587,6.240844,4.104315,14.624471,10.626572,8.458323,6.719932,37.986540,-698.467435,-698.167908,-28918.518519,-8921.481481,-9097.777778
4.088263,7.421159,11.719994,14.978149,7.733236,12.174006,4.964898,24.483826,12.456304,9.901311,6.239460,4.142707,14.711605,10.713712,8.579565,6.866686,36.480490,-711.869166,-678.947428,-29098.095238,-9520.952381,-9232.380952
4.084224,7.453660,11.725844,15.062367,7.745003,12.252995,4.923592,24.665525,12.427921,9.878029,6.266190,4.147838,14.667812,10.701373,8.582716,6.896228,39.989443,-731.561426,-681.369369,-27969.735450,-10557.460317,-9352.910053
4.070107,7.469684,11.689254,15.111062,7.821679,12.368630,4.918817,24.989086,12.453883,9.914522,6.306044,4.153269,14.824000,10.821906,8.675829,6.999092,61.574314,-712.475219,-847.152524,-23415.026455,-9329.735450,-9015.449735
4.063620,7.509718,11.706794,15.173668,7.839897,12.496177,4.875672,25.793002,12.616811,10.059319,6.426011,4.276038,15.009829,10.977947,8.790855,7.142737,39.051066,-646.663077,-769.076956,-17931.746032,-1177.142857,-8699.365079
4.058384,7.484999,11.615930,15.097076,7.800352,12.472899,4.829696,25.866023,12.620585,10.086217,6.480156,4.321923,15.040134,11.026630,8.829684,7.206351,49.586408,-723.614738,-741.767764,-16895.873016,-5817.883598,-8820.211640
4.049657,7.542507,11.644034,15.162542,7.845125,12.634078,4.787791,26.423364,12.737576,10.177466,6.540017,4.395902,15.269789,11.184714,8.903689,7.293383,59.735553,-770.902786,-743.014130,-4767.513228,-5460.740741,-6057.777778
4.043572,7.541930,11.581376,15.094474,7.704128,12.519406,4.626714,26.897208,12.812387,10.285827,6.663740,4.504231,15.377590,11.294990,8.961066,7.405476,45.384000,-648.125965,-772.287101,6853.333333,2193.333333,-5600.000000
4.048090,7.534707,11.538423,15.058697,7.707453,12.592422,4.609415,27.056656,12.837693,10.320719,6.692798,4.541487,15.466033,11.373874,9.008343,7.462462,53.483768,-680.737887,-804.894218,3384.867725,-422.010582,-7283.386243
4.038977,7.559407,11.540427,15.103009,7.590784,12.545556,4.447672,27.411675,12.898991,10.374342,6.738641,4.630433,15.568383,11.445367,9.000609,7.495163,54.890225,-683.819689,-749.780469,9561.164021,8.571429,-5234.920635
4.019010,7.506477,11.432433,14.960829,7.485142,12.459527,4.329638,27.498720,12.862295,10.382140,6.755552,4.667529,15.691699,11.539101,9.068558,7.582009,64.352925,-720.128661,-746.782750,12988.571429,-784.761905,-4676.190476
4.014560,7.533376,11.442586,15.054123,7.431699,12.506734,4.237935,27.660823,12.767343,10.293140,6.705921,4.640474,15.559615,11.439070,8.965024,7.522633,65.183226,-704.045700,-746.105145,19842.645503,-1184.338624,-4507.724868
4.011635,7.517049,11.440952,15.031294,7.288527,12.366698,4.087102,27.564835,12.824797,10.342553,6.732657,4.734234,15.625773,11.478352,8.980081,7.547310,85.323278,-639.478094,-776.574369,23584.021164,-474.074074,-5153.862434
3.963216,7.452011,11.317153,14.925096,7.255726,12.359323,4.041882,27.563874,12.751124,10.301953,6.676660,4.727673,15.802636,11.563503,9.040863,7.587390,64.098413,-649.367553,-799.906153,20088.888889,688.888889,-5929.523810
3.982187,7.518228,11.410151,15.080634,7.215070,12.413801,3.978265,27.605651,12.633420,10.183028,6.616278,4.687972,15.602146,11.411688,8.924374,7.519464,67.173588,-691.862644,-749.658383,26057.037037,-4317.037037,-4345.925926
3.971860,7.482826,11.387265,15.037449,7.162368,12.317329,3.946636,27.331592,12.722165,10.253476,6.626414,4.784320,15.748626,11.482959,8.987014,7.538241,54.259109,-659.473912,-707.152222,34464.761905,-1641.587302,-3649.206349
3.937803,7.455644,11.332628,15.001198,7.181374,12.373761,3.953366,27.391957,12.762321,10.297626,6.613306,4.802800,16.083339,11.683405,9.129929,7.631642,92.692337,-638.774286,-839.849116,31709.841270,-6715.238095,-5245.714286
3.971875,7.539008,11.432750,15.156123,7.253626,12.492450,4.023920,27.418596,12.731818,10.260191,6.589038,4.796686,16.119520,11.702519,9.130941,7.626027,61.825507,-610.143852,-781.583472,33703.915344,-2483.915344,-5602.751323
3.944867,7.488881,11.386545,15.119859,7.216271,12.426513,4.012287,27.246870,12.854216,10.361608,6.616373,4.885410,16.272616,11.792099,9.216777,7.670904,92.743979,-650.068013,-846.266155,32751.216931,-5900.529101,-5228.783069
3.944984,7.525600,11.407435,15.177923,7.313295,12.562125,4.084127,27.340871,12.988596,10.473872,6.642286,4.913624,16.807982,12.166599,9.448588,7.825446,77.356300,-674.894051,-772.666669,39424.761905,-3405.714286,-3196.190476
3.932964,7.521451,11.399773,15.219372,7.342959,12.589124,4.135197,27.306214,12.969004,10.443431,6.612508,4.910480,16.824628,12.184229,9.442627,7.810273,71.187139,-632.383479,-749.876008,44204.444444,-1094.497354,-2604.444444
3.924434,7.521598,11.396573,15.264118,7.360332,12.630543,4.127421,27.319870,13.088911,10.542807,6.647868,4.948200,17.065292,12.366032,9.566921,7.898524,82.678560,-640.302491,-803.183448,39831.851852,-3386.666667,-4028.148148
3.910764,7.540634,11.398343,15.298848,7.400567,12.674897,4.164991,27.289031,13.198370,10.615829,6.666103,4.979612,17.419033,12.629570,9.700951,7.976614,79.368053,-681.946267,-771.774779,37866.984127,-5266.984127,-2417.142857
3.878107,7.494143,11.360345,15.296239,7.418518,12.680601,4.176549,27.235668,13.158423,10.567620,6.621092,4.940993,17.400630,12.621435,9.701569,7.964991,73.548942,-703.113951,-721.256629,45144.232804,-3947.724868,-384.761905
3.871105,7.517297,11.358042,15.316783,7.436298,12.725256,4.163063,27.301943,13.233473,10.620724,6.647365,4.963724,17.583774,12.773559,9.777025,8.019090,77.273674,-706.321176,-730.978258,49150.264550,-2936.296296,839.894180
3.851350,7.509488,11.345993,15.325500,7.451292,12.736966,4.168105,27.242147,13.249394,10.621105,6.637269,4.999643,17.709424,12.847536,9.878396,8.057621,76.873831,-675.629925,-781.441833,52433.015873,-1573.015873,1091.428571
3.831309,7.500614,11.340999,15.304647,7.471848,12.734117,4.171445,27.193500,13.265041,10.617974,6.631252,4.961141,17.713379,12.852095,9.878689,8.038507,67.519945,-618.289747,-815.253607,52356.507937,2135.873016,1734.603175
3.825959,7.491467,11.278116,15.219062,7.494642,12.754129,4.161706,27.287640,13.268231,10.635314,6.640632,5.065681,17.886083,12.943245,10.036564,8.123019,76.935064,-639.578051,-833.654146,52941.587302,1347.830688,3084.126984
3.808699,7.498299,11.272482,15.216332,7.525010,12.789653,4.180901,27.274091,13.209795,10.592746,6.617903,5.052930,17.908586,12.936572,10.098301,8.132000,65.113144,-667.700195,-762.488395,59193.333333,3006.666667,5900.000000
3.803445,7.490808,11.246282,15.135013,7.541015,12.751934,4.180782,27.237423,13.248686,10.630910,6.640495,5.110969,17.973068,12.947726,10.174676,8.146205,63.897015,-654.451550,-751.829480,62255.661376,3574.391534,6916.719577
3.796202,7.450176,11.123329,14.977373,7.592110,12.762046,4.200218,27.288721,13.183829,10.621298,6.621496,5.207002,18.242472,13.084607,10.395738,8.263134,67.293465,-675.774520,-779.295793,62853.862434,2386.772487,6788.677249
3.780364,7.435702,11.045658,14.871066,7.592982,12.747194,4.219741,27.189848,13.017536,10.507488,6.557438,5.176704,18.143915,13.003732,10.356456,8.209456,69.146614,-682.843680,-783.417057,64128.571429,4235.555556,8068.571429
3.783530,7.411693,10.990141,14.772646,7.612856,12.680700,4.218624,27.085505,13.046077,10.558708,6.578665,5.251082,18.348106,13.093792,10.521222,8.268887,63.582751,-661.586740,-777.570651,70444.656085,10358.095238,9127.619048
3.770776,7.335732,10.771727,14.496907,7.662211,12.652553,4.261754,26.986198,12.878229,10.488735,6.515182,5.278465,18.551291,13.231740,10.644451,8.344134,61.882679,-646.981416,-766.009512,72337.671958,10588.042328,9580.317460
3.751415,7.287286,10.667183,14.368439,7.619046,12.567456,4.251233,26.789461,12.648091,10.309804,6.404074,5.230546,18.406697,13.114395,10.550018,8.240869,60.827377,-643.054550,-758.562246,69051.428571,6353.015873,9696.507937
3.749195,7.248949,10.547550,14.171654,7.618699,12.435119,4.264829,26.437781,12.694126,10.393619,6.449685,5.259372,18.664743,13.301018,10.715979,8.332689,59.029926,-725.439114,-728.023729,69937.777778,3095.555556,10292.592593
3.738379,7.138325,10.281700,13.849142,7.636484,12.409788,4.293054,26.373530,12.433976,10.247700,6.350862,5.254762,18.680761,13.324691,10.716160,8.329934,66.097258,-711.858854,-731.954254,76685.820106,6075.767196,11547.830688
3.701801,7.095156,10.219971,13.753239,7.579531,12.247237,4.270969,25.980143,12.345518,10.159672,6.291975,5.207653,18.660969,13.316430,10.687148,8.284629,59.117715,-677.091711,-735.376178,81380.952381,11281.904762,10321.904762
3.677212,7.020180,10.009561,13.381253,7.545462,12.125734,4.293843,25.641137,12.301856,10.185919,6.317868,5.222446,18.729430,13.394968,10.750693,8.332883,61.289923,-690.167000,-759.614234,79208.677249,9117.883598,9492.804233
3.673632,6.969786,9.899428,13.212829,7.530524,12.071788,4.291449,25.531334,12.208894,10.130183,6.294569,5.246872,18.718286,13.389262,10.754574,8.330129,59.829242,-678.241442,-748.874558,80412.592593,6946.349206,10074.920635
3.591838,6.877354,9.739430,12.888601,7.439417,11.867244,4.278735,25.079853,12.191027,10.132784,6.283901,5.277900,18.652939,13.351952,10.744736,8.320422,59.202923,-669.227272,-743.250575,81736.825397,7081.904762,10428.571429
3.569766,6.822701,9.606796,12.621527,7.420938,11.803789,4.293712,24.974306,12.110958,10.103796,6.285163,5.303827,18.660025,13.354513,10.781784,8.338403,61.088525,-668.292217,-752.014648,82035.238095,7426.772487,10260.634921
3.562991,6.833925,9.589190,12.520834,7.370255,11.711513,4.285082,24.845098,12.148902,10.134492,6.310695,5.419162,18.552589,13.241421,10.783262,8.339770,63.427091,-679.546452,-743.038101,82560.000000,7842.962963,10317.777778
3.465438,6.707120,9.378806,12.070787,7.252920,11.391593,4.293956,24.378779,12.155073,10.200402,6.341763,5.507877,18.493039,13.197039,10.786381,8.315230,57.601705,-672.847982,-717.431942,83886.666667,8973.650794,10998.730159
3.477729,6.638455,9.240430,11.887139,7.260011,11.348730,4.286948,24.359119,11.990054,10.083896,6.266112,5.552539,18.457400,13.126840,10.802788,8.313656,65.410076,-682.766592,-738.626930,80444.761905,6194.391534,10943.492063
3.453504,6.679682,9.227348,11.810123,7.169438,11.152515,4.315124,24.334438,12.074930,10.170660,6.321029,5.727556,18.355436,12.989456,10.820060,8.308163,71.924118,-699.209941,-761.170832,81971.746032,7359.153439,11702.539683
3.403398,6.471173,8.894323,11.303641,7.066142,10.697833,4.326989,23.626516,11.993645,10.184178,6.316450,5.774292,18.304268,12.957285,10.784624,8.240298,63.981117,-684.454844,-736.863408,85096.190476,9196.190476,12697.142857
3.404968,6.412754,8.739854,11.162392,7.062897,10.634628,4.338520,23.724531,11.804125,10.042382,6.181904,5.855382,18.291404,12.873827,10.813910,8.228249,70.357945,-707.861520,-746.006311,84015.661376,6920.211640,12623.597884
3.410516,6.384191,8.641232,11.057446,6.965517,10.285287,4.375051,23.317043,11.839543,10.085965,6.221867,5.923158,18.227271,12.803256,10.762412,8.155337,68.312624,-696.944407,-733.596786,87717.777778,8196.613757,14011.640212
3.355516,6.149996,8.239450,10.575899,6.873536,9.882120,4.355829,22.572471,11.622920,9.954933,6.101117,5.913756,18.099758,12.678900,10.673459,8.028343,68.335493,-687.708201,-739.529152,89848.888889,8662.222222,14933.333333
3.366454,6.122039,8.149441,10.553083,6.852005,9.722573,4.409152,22.500785,11.571239,9.904046,6.012867,5.972753,18.181237,12.683856,10.724119,8.004256,65.599669,-688.709273,-746.264868,89793.333333,9900.740741,15480.317460
3.349741,5.983788,7.921610,10.365402,6.770186,9.434535,4.410388,21.840273,11.445413,9.783721,5.944128,5.926245,18.062266,12.587464,10.600100,7.873900,65.507823,-697.338000,-746.012202,91563.174603,11453.015873,16118.412698
3.315857,5.900724,7.727684,10.169504,6.722470,9.190311,4.396459,21.191824,11.209778,9.583150,5.796590,5.882714,17.845530,12.377370,10.494075,7.715272,49.327838,-680.461221,-694.612109,94033.968254,13945.079365,16703.809524
3.321143,5.857142,7.653263,10.167688,6.688315,9.060698,4.459708,20.939203,11.216202,9.567013,5.754790,5.888068,17.940492,12.428142,10.530735,7.681827,54.335094,-651.458989,-715.363376,90163.809524,11235.238095,15993.650794
3.305046,5.766031,7.498298,10.063047,6.663260,8.957572,4.433241,20.464045,11.009211,9.372065,5.656553,5.832829,17.757698,12.282653,10.424078,7.581819,58.322087,-684.473680,-723.246969,83432.275132,7684.232804,15155.555556
3.305320,5.773127,7.459311,10.080859,6.666968,8.929988,4.465463,20.022099,10.822835,9.198391,5.576723,5.772770,17.607604,12.170225,10.374904,7.469197,58.672872,-701.538190,-719.258889,81069.523810,7510.476190,16206.666667
3.307142,5.747242,7.396351,10.051703,6.650322,8.935487,4.493408,19.885472,10.755633,9.149667,5.563980,5.753916,17.611347,12.200735,10.372678,7.458389,56.729355,-695.544590,-717.360006,82090.370370,10445.185185,16402.222222
3.319338,5.734356,7.344678,10.071847,6.690211,8.977818,4.485789,19.728902,10.579748,8.994531,5.524701,5.722242,17.455772,12.113901,10.324738,7.415025,52.237395,-710.627610,-717.201775,80431.640212,11335.026455,15964.126984
3.342455,5.725489,7.305224,10.074283,6.702884,9.034336,4.527818,19.612882,10.478484,8.935156,5.554448,5.680438,17.462994,12.203098,10.334543,7.396482,45.595356,-711.075755,-691.904330,80738.412698,10958.095238,16106.666667
3.346745,5.691398,7.217434,9.991993,6.708878,9.068225,4.516830,19.590795,10.361261,8.866969,5.565499,5.648180,17.390804,12.200140,10.320628,7.400718,44.555913,-708.811716,-687.981165,78959.788360,9017.777778,15290.476190
3.376601,5.662807,7.172658,10.030505,6.761548,9.130429,4.537052,19.624494,10.247609,8.780625,5.601749,5.613198,17.279815,12.221980,10.273242,7.372942,50.505602,-714.817837,-704.890752,76323.492063,7144.444444,14014.603175
3.379116,5.582847,7.071215,9.897693,6.729596,9.085844,4.529369,19.485837,10.213829,8.771828,5.628796,5.593050,17.302906,12.305521,10.283099,7.362029,46.718531,-720.698557,-672.387667,76224.761905,6433.015873,13186.031746
3.386001,5.514042,6.949971,9.739496,6.747109,9.071703,4.513959,19.486422,10.109834,8.696555,5.660518,5.539955,17.194489,12.278059,10.243340,7.338722,52.066981,-720.134944,-679.178340,75148.042328,5967.619048,12314.497354
3.402657,5.466018,6.924550,9.744402,6.749446,9.063225,4.511564,19.447416,10.048623,8.639461,5.698247,5.512946,17.007475,12.249686,10.144686,7.261393,53.326266,-714.873515,-684.145012,73305.925926,6011.851852,11531.111111
3.381404,5.334102,6.796443,9.488098,6.684258,8.891937,4.472369,19.164415,10.051496,8.632503,5.698493,5.503985,16.933093,12.192565,10.118906,7.221922,60.638151,-707.971808,-712.977974,71747.619048,5706.666667,11449.523810
3.385713,5.254602,6.683728,9.295559,6.678883,8.845870,4.460915,19.192316,9.998829,8.555368,5.724497,5.460739,16.823089,12.135242,10.068422,7.162928,63.321966,-697.159468,-724.935625,71909.735450,7630.582011,11567.195767
3.382083,5.226932,6.698620,9.257615,6.635933,8.766693,4.430681,19.019164,9.875567,8.459898,5.712855,5.434954,16.420234,11.901692,9.881196,7.026096,54.520261,-714.654069,-704.841307,71881.481481,7568.042328,11940.105820
3.350703,5.078853,6.595524,8.991582,6.563253,8.559599,4.398775,18.856298,9.918774,8.456803,5.712722,5.433586,16.320800,11.781794,9.847127,6.974919,54.245461,-716.976037,-677.348439,72168.888889,8764.444444,12811.746032
3.350059,5.055835,6.534704,8.835758,6.542301,8.549155,4.415677,18.925449,9.825570,8.379115,5.707757,5.393912,16.179416,11.690722,9.781234,6.916676,48.381347,-710.829732,-667.569999,72714.285714,9577.037037,12549.100529
3.338435,5.013794,6.544645,8.772522,6.486293,8.408148,4.377676,18.744365,9.564927,8.187260,5.631663,5.329700,15.581284,11.268450,9.502083,6.717563,50.051169,-706.107238,-656.785678,67653.544974,7946.031746,11861.904762
3.306278,4.928895,6.502979,8.587413,6.418367,8.268442,4.385789,18.763660,9.620193,8.217232,5.647557,5.339255,15.527634,11.214197,9.480170,6.700323,73.215491,-719.815515,-745.694991,62942.222222,4922.222222,10437.777778
3.318546,4.941429,6.486296,8.500559,6.422248,8.271295,4.424206,18.822094,9.378906,8.061914,5.584607,5.233677,15.224887,11.009174,9.308639,6.567861,68.613612,-714.284115,-753.372054,66250.899471,8883.386243,11054.497354
3.324697,4.911670,6.491014,8.460509,6.343523,8.100018,4.398159,18.620713,9.121618,7.871441,5.504986,5.165679,14.686690,10.643886,9.039125,6.396142,48.300935,-733.246015,-673.846853,68281.375661,11358.730159,11494.708995
3.311538,4.920630,6.514199,8.358033,6.303040,8.023403,4.434896,18.558269,9.085115,7.862822,5.514703,5.127883,14.530338,10.579193,8.929136,6.327018,51.123810,-702.424554,-690.563156,67152.380952,9272.380952,11447.619048
3.377703,4.979821,6.578471,8.361618,6.318567,7.982687,4.458554,18.587660,8.884383,7.732375,5.456799,5.020668,14.234386,10.351384,8.744634,6.164075,62.265187,-685.899313,-731.231668,64535.661376,11146.349206,10626.455026
3.410338,4.971114,6.562142,8.299490,6.198777,7.794792,4.442306,18.186570,8.735927,7.613347,5.424102,4.972816,13.867722,10.179553,8.518680,6.050935,42.317678,-700.754346,-669.900067,63833.756614,12305.291005,10439.682540
3.425597,5.069628,6.674057,8.268607,6.189915,7.706067,4.456580,18.049529,8.691282,7.588449,5.438124,4.911451,13.597627,10.011118,8.338199,5.898654,42.001199,-707.479383,-650.591422,59895.238095,7766.666667,9559.365079
3.530183,5.122422,6.731337,8.260137,6.154776,7.604632,4.458714,17.977125,8.674610,7.589578,5.453436,4.889782,13.488419,9.942809,8.253375,5.824393,49.484234,-708.020854,-664.748942,55636.296296,5940.740741,8638.518519
3.550462,5.142044,6.740282,8.187425,6.054720,7.431840,4.436628,17.657681,8.639171,7.527856,5.436837,4.867882,13.206312,9.800659,8.059777,5.710546,54.672599,-709.561975,-692.218232,53385.608466,5200.000000,7513.333333
3.576366,5.210716,6.817566,8.122561,6.038249,7.319403,4.428373,17.603514,8.632990,7.546363,5.480235,4.843313,13.003688,9.666747,7.952068,5.621738,58.183765,-720.011359,-691.902125,50529.523810,5273.333333,7486.666667
3.636946,5.202497,6.805784,8.058021,5.957521,7.186666,4.411409,17.610742,8.651274,7.550408,5.476631,4.882321,12.905847,9.609217,7.889738,5.598582,60.674299,-706.138226,-684.448962,50650.582011,5868.042328,8227.619048
3.629200,5.213555,6.825864,7.974935,5.902824,7.067785,4.396981,17.575561,8.692561,7.576828,5.497261,4.880771,12.749241,9.512855,7.802702,5.546196,59.141692,-726.426931,-680.260215,47829.206349,6716.296296,7883.703704
3.634073,5.191716,6.799608,7.869653,5.881574,6.997100,4.383269,17.643661,8.552720,7.498047,5.474999,4.861765,12.526817,9.368391,7.721908,5.523006,55.180518,-730.891224,-652.373019,47800.000000,6418.095238,7985.714286
3.618855,5.126651,6.736228,7.777796,5.804948,6.897214,4.361727,17.843503,8.486041,7.439627,5.418663,4.887242,12.383122,9.261986,7.660782,5.530627,41.853655,-725.860360,-629.758660,47865.820106,6210.899471,7367.936508
3.602530,5.123723,6.750563,7.721439,5.796093,6.882573,4.373481,17.817804,8.450896,7.434504,5.429190,4.859595,12.219880,9.181904,7.610048,5.512354,54.294519,-734.566515,-664.457183,42430.370370,2831.111111,5589.629630
3.573069,5.046811,6.672206,7.655897,5.796595,6.880195,4.364332,17.916054,8.188141,7.231083,5.313152,4.793780,11.953800,9.014423,7.476376,5.484409,49.488291,-720.751660,-664.835285,40876.507937,2997.142857,4389.523810
3.533142,4.979018,6.606169,7.570568,5.743770,6.864187,4.339769,17.959583,8.074258,7.154667,5.270265,4.767196,11.772448,8.915586,7.422788,5.486070,54.311117,-736.441806,-664.554942,36777.248677,2647.089947,3124.126984
3.524694,4.977220,6.612773,7.567571,5.750503,6.910227,4.362501,17.822086,7.919845,7.028098,5.197674,4.686474,11.508672,8.786504,7.280906,5.432199,63.328604,-749.993307,-690.035695,36428.148148,2385.396825,2712.804233
3.473665,4.880039,6.534758,7.538239,5.733270,6.928469,4.320914,17.707304,7.746339,6.853612,5.098100,4.574244,11.318511,8.702420,7.122140,5.358257,53.564916,-747.101452,-646.968497,39830.476190,5843.492063,3570.793651
3.452529,4.858777,6.496933,7.484924,5.698300,6.972990,4.308148,17.482705,7.695500,6.807176,5.071953,4.518713,11.207619,8.662977,7.070467,5.334321,37.739036,-736.210905,-596.643620,39918.518519,6185.925926,3399.365079
3.440945,4.812484,6.476274,7.469741,5.660979,6.968272,4.287745,17.164243,7.552315,6.646851,4.972936,4.390314,10.925849,8.552853,6.825419,5.220782,62.445191,-746.320582,-677.408919,35823.174603,4456.613757,2440.211640
3.372226,4.709674,6.396692,7.446365,5.576549,6.990673,4.186108,16.937998,7.622560,6.622449,4.959990,4.287436,11.000384,8.630194,6.762666,5.145391,50.496383,-728.444568,-656.662115,38706.666667,7040.000000,2920.000000
3.347259,4.689136,6.357825,7.372313,5.522689,6.987446,4.185575,16.567019,7.637097,6.603470,4.922505,4.227196,10.979007,8.662373,6.681257,5.106555,48.088842,-734.489065,-634.624642,36794.920635,8506.455026,3458.835979
3.318745,4.582787,6.317113,7.315817,5.422561,6.925100,4.076978,16.194066,7.598724,6.517146,4.899721,4.075451,10.792391,8.629064,6.430898,4.954906,40.871384,-733.175182,-585.687061,34695.661376,5642.010582,3912.169312
3.220993,4.475903,6.212348,7.270874,5.268809,6.936024,3.963436,16.049401,7.808013,6.579230,4.912269,4.028492,11.084131,8.810960,6.496708,4.948869,48.318641,-727.097879,-614.420791,29885.714286,3560.000000,3626.666667
3.205648,4.459354,6.207469,7.178291,5.231461,6.854248,3.974430,15.657881,7.781294,6.553903,4.867376,3.946630,10.979881,8.799222,6.331706,4.868847,64.602643,-737.864497,-695.482265,30006.031746,6292.380952,4267.089947
3.165067,4.322479,6.167697,7.110236,5.078719,6.780959,3.809185,15.526469,7.886742,6.587571,4.938619,3.843908,11.044203,8.899329,6.256436,4.809238,35.239650,-711.014897,-627.229766,36579.259259,12002.116402,6133.650794
3.075802,4.268352,6.093045,7.064598,4.957725,6.755279,3.750733,15.364218,8.015885,6.637240,4.933510,3.835044,11.216270,9.006853,6.307368,4.834605,40.686586,-748.107340,-615.317091,29509.841270,8578.730159,5471.111111
3.081637,4.243991,6.115231,6.966822,4.912240,6.621948,3.732026,15.128854,7.985624,6.624903,4.903596,3.763204,11.128100,8.948931,6.198728,4.764108,45.329779,-718.793026,-618.815001,28598.518519,6371.851852,5861.481481
3.062159,4.200764,6.139538,6.953287,4.806395,6.575068,3.643639,15.135192,8.160396,6.748786,5.017626,3.757395,11.293844,9.098679,6.268948,4.816223,75.193679,-730.817065,-767.641728,23163.597884,8391.746032,5127.195767
3.017778,4.183940,6.112600,6.887750,4.738797,6.456525,3.607445,14.840047,8.130283,6.714230,4.960523,3.734907,11.201655,9.007481,6.215979,4.793596,36.400817,-712.240983,-641.550718,30236.190476,11689.523810,6345.714286
3.030571,4.177582,6.156142,6.819935,4.685913,6.327750,3.591384,14.747688,8.179522,6.752025,4.959121,3.719874,11.213351,8.963544,6.219131,4.767163,37.385670,-711.333226,-644.358840,23131.534392,7982.962963,4928.888889
3.023512,4.205481,6.216364,6.848747,4.639809,6.284222,3.553375,14.602696,8.267295,6.812106,5.014756,3.721098,11.219525,8.992046,6.222807,4.792462,46.973044,-709.936706,-663.139994,18180.529101,4441.481481,3517.777778
2.986247,4.190739,6.196854,6.730215,4.553112,6.061483,3.502605,14.271179,8.213771,6.744511,4.893108,3.707398,11.068141,8.756628,6.164998,4.730729,46.864599,-720.593434,-638.173443,14290.158730,4785.714286,2804.126984
2.992462,4.201123,6.257283,6.718937,4.527315,5.987788,3.499015,14.174050,8.293216,6.776167,4.896975,3.706578,11.077298,8.713201,6.160560,4.692462,56.885382,-734.053077,-659.336331,10845.396825,4063.068783,2160.105820
2.959067,4.229609,6.284711,6.690367,4.436588,5.882707,3.440755,13.898959,8.287558,6.770566,4.856387,3.683394,10.976257,8.613903,6.096093,4.669234,52.902815,-722.862277,-653.217692,10894.074074,2200.740741,1893.333333
2.907124,4.210958,6.279800,6.577352,4.349571,5.657703,3.392534,13.700873,8.301639,6.725400,4.697779,3.682093,10.913958,8.331563,6.077606,4.583676,54.879529,-729.710492,-658.774538,6185.714286,849.206349,646.031746
2.909281,4.233176,6.332501,6.578572,4.315629,5.626870,3.384303,13.570365,8.340886,6.745851,4.712211,3.664182,10.880318,8.317271,6.032497,4.542685,53.453890,-735.994004,-653.296630,3836.507937,-1146.031746,144.656085
2.849199,4.238295,6.326087,6.465439,4.173810,5.449339,3.312758,13.350207,8.317431,6.739992,4.606150,3.631331,10.809305,8.149365,5.982153,4.509545,53.717255,-732.597171,-657.162639,3044.867725,-506.349206,459.894180
2.834731,4.244738,6.358999,6.429335,4.149589,5.371122,3.308449,13.384337,8.337837,6.748302,4.541321,3.618620,10.791914,8.008859,5.974471,4.468101,55.658558,-731.877169,-663.553867,1980.952381,236.190476,305.714286
2.820876,4.269837,6.381957,6.379399,4.047121,5.277965,3.279503,13.218360,8.330743,6.771844,4.531587,3.579399,10.743951,7.978284,5.921795,4.444920,56.818250,-734.773471,-661.287225,609.100529,-278.518519,-192.275132
2.798119,4.253543,6.360696,6.255462,3.985940,5.144023,3.250427,13.160895,8.294652,6.794321,4.490835,3.536318,10.716844,7.891236,5.898484,4.444300,54.928588,-731.362255,-653.638566,94.708995,-1026.455026,-1081.375661
2.813003,4.293123,6.414095,6.270959,3.957591,5.135460,3.249180,13.251289,8.295261,6.821024,4.502922,3.496522,10.664626,7.847010,5.866778,4.426258,57.142478,-732.720371,-653.432003,-1931.111111,-2095.555556,-2191.111111
2.812904,4.285753,6.414776,6.175182,3.869994,4.975359,3.220490,13.085350,8.296099,6.890218,4.541742,3.439081,10.642128,7.860340,5.827657,4.435136,59.298087,-740.079871,-658.751311,-3924.126984,-2789.206349,-3185.608466
2.805903,4.238319,6.342879,6.071914,3.848177,4.912654,3.183845,13.101278,8.238761,6.891010,4.549705,3.380040,10.628596,7.843812,5.811193,4.432030,58.941769,-740.212260,-659.019853,-4534.497354,-2854.920635,-3656.084656
2.825359,4.281878,6.412492,6.078140,3.787514,4.845583,3.164008,13.075118,8.296344,6.969524,4.600868,3.356443,10.583932,7.835103,5.780415,4.424547,58.253478,-744.237633,-661.246639,-4810.158730,-3116.507937,-3757.777778
2.828982,4.210986,6.374225,5.972146,3.737022,4.707476,3.109511,13.038487,8.331338,7.056986,4.669412,3.304447,10.651295,7.901612,5.776709,4.439454,60.429746,-744.204438,-661.760467,-4340.423280,-3590.793651,-3695.238095
2.801936,4.144951,6.278060,5.864779,3.644064,4.632243,3.017664,12.973666,8.312275,7.058903,4.676928,3.261636,10.632770,7.879986,5.775661,4.423297,60.528970,-746.555163,-665.387830,-4186.455026,-3509.629630,-3644.126984
2.818836,4.154111,6.348303,5.855920,3.599968,4.534793,2.989616,12.893459,8.424317,7.166779,4.734435,3.298070,10.716173,7.933171,5.808625,4.445365,60.186667,-746.244956,-666.339090,-3277.142857,-2772.380952,-3337.142857
2.804109,4.074715,6.307571,5.748580,3.502484,4.456831,2.892332,12.960138,8.473371,7.219888,4.765590,3.292668,10.756590,7.943091,5.810625,4.429444,61.105864,-749.317552,-671.113597,-2338.518519,-1781.481481,-2903.703704
2.798024,4.017533,6.227849,5.639929,3.441483,4.375990,2.831565,12.766731,8.469795,7.234094,4.773019,3.290722,10.794909,7.964728,5.853768,4.438794,57.116288,-738.457249,-664.170953,-54.497354,-400.000000,-2398.624339
2.805335,4.029808,6.323507,5.661339,3.395903,4.348135,2.802456,12.666522,8.522511,7.270069,4.782020,3.343025,10.816304,7.960263,5.866608,4.435857,59.392144,-737.992108,-664.367192,247.301587,-289.206349,-2166.349206
2.815031,4.016505,6.320679,5.594115,3.366083,4.342626,2.751920,12.710930,8.544420,7.293875,4.796698,3.346713,10.802573,7.939039,5.852156,4.395766,59.438623,-735.303506,-666.964316,735.026455,-186.560847,-1914.814815
2.827369,4.002834,6.278843,5.558331,3.370151,4.332468,2.751578,12.339429,8.454672,7.226943,4.752961,3.337215,10.752513,7.914900,5.846588,4.373336,59.513870,-730.364868,-667.969833,1031.111111,535.661376,-1802.645503
2.849804,4.062268,6.364015,5.592573,3.412029,4.371315,2.787427,12.118393,8.397108,7.172249,4.725705,3.344781,10.615596,7.814404,5.789647,4.314207,59.005951,-728.969099,-668.984912,960.952381,543.492063,-1650.158730
2.841842,4.072016,6.365579,5.587296,3.435995,4.393123,2.774733,12.072061,8.355672,7.138654,4.710449,3.315593,10.540292,7.772194,5.731609,4.250995,58.973493,-734.008800,-669.172680,867.513228,128.148148,-1489.206349
2.862225,4.086464,6.310659,5.604818,3.492824,4.421301,2.818573,11.438367,8.159469,6.979033,4.618054,3.248496,10.318612,7.640515,5.631229,4.142602,58.361185,-737.019445,-669.869080,1282.962963,79.259259,-1251.111111
2.841730,4.125886,6.341734,5.642789,3.570747,4.453031,2.868166,11.230240,8.047722,6.881271,4.577751,3.224634,10.146005,7.523043,5.554567,4.078067,56.777308,-733.782709,-669.360070,1411.428571,114.285714,-1087.619048
2.810784,4.122729,6.316451,5.648761,3.569123,4.434711,2.849872,11.000291,7.966326,6.808322,4.537085,3.163299,9.982493,7.423757,5.445363,3.970560,57.476294,-737.612947,-673.226800,1080.846561,-95.026455,-1097.883598
2.788693,4.070575,6.182334,5.623139,3.581543,4.413834,2.870218,10.459556,7.774056,6.643780,4.436932,3.096196,9.803946,7.301922,5.364136,3.876057,57.861751,-731.821853,-671.601622,1378.730159,-174.391534,-1181.798942
2.724273,4.079622,6.188612,5.642780,3.611344,4.411480,2.877947,10.309388,7.665847,6.554070,4.402538,3.044955,9.627105,7.184218,5.277724,3.807485,59.679856,-731.497629,-672.383224,1414.285714,53.968254,-1410.158730
2.691082,4.033512,6.113312,5.620157,3.557556,4.328565,2.835555,10.057239,7.615059,6.499978,4.360840,3.010590,9.527438,7.104067,5.217477,3.727115,59.853219,-727.753710,-674.755357,1013.862434,-339.470899,-1546.137566
2.657070,3.980766,6.023755,5.597060,3.544386,4.313952,2.823406,9.890385,7.516943,6.412802,4.305127,2.977606,9.460589,7.048332,5.189746,3.698390,63.250777,-723.910576,-677.726896,443.174603,-477.248677,-1757.248677
2.605790,3.977055,6.024005,5.629201,3.531964,4.287062,2.791754,9.809300,7.479401,6.376844,4.287310,2.946201,9.379120,6.978669,5.152170,3.657117,62.897779,-725.764465,-680.976908,-420.000000,-777.777778,-1788.888889
2.604838,3.953341,5.995581,5.657990,3.505851,4.274552,2.752094,9.807759,7.496586,6.375316,4.274461,2.955478,9.393813,6.976385,5.158175,3.650657,62.403876,-727.411795,-681.414739,-833.756614,-846.772487,-1612.275132
2.594425,3.949241,5.983396,5.683860,3.520654,4.296249,2.733706,9.804602,7.465707,6.355608,4.261065,2.950627,9.391444,6.959689,5.178607,3.661914,62.648430,-732.686080,-680.323641,-1210.264550,-853.015873,-1432.380952
2.589759,3.964377,6.013060,5.796798,3.544842,4.368316,2.705980,9.960477,7.482641,6.353193,4.256032,2.945790,9.395318,6.954029,5.181479,3.673872,61.866448,-736.199472,-679.813886,-948.571429,-595.238095,-1305.714286
2.615144,3.996701,6.052186,5.882615,3.577042,4.427728,2.700679,10.003558,7.514612,6.373324,4.264571,2.965413,9.422602,6.969518,5.201812,3.674425,62.080019,-735.268093,-677.625432,-436.719577,-144.444444,-1114.708995
2.616045,4.006964,6.054428,5.942067,3.627258,4.503841,2.692339,10.167327,7.502181,6.373008,4.268864,2.992759,9.453310,6.981196,5.256014,3.727045,60.995942,-735.821767,-677.293849,-190.476190,353.650794,-1035.873016
2.634398,4.038026,6.095197,6.054962,3.673678,4.594641,2.690980,10.358898,7.487306,6.342832,4.252672,2.989708,9.384690,6.927014,5.211896,3.697973,59.475139,-736.254809,-677.246629,58.730159,546.349206,-879.047619
2.640627,4.051864,6.098348,6.095628,3.695824,4.623050,2.714601,10.356430,7.504573,6.371450,4.275452,3.025101,9.434203,6.963846,5.258886,3.713042,58.485123,-735.503784,-674.787831,320.740741,685.925926,-757.777778
2.632556,4.043374,6.073530,6.118584,3.748175,4.695960,2.718555,10.650348,7.402654,6.289962,4.241942,3.056530,9.290675,6.856478,5.221584,3.718719,58.086386,-737.056668,-679.249544,494.391534,922.539683,-565.820106
2.641137,4.060800,6.088652,6.160180,3.727433,4.670707,2.695157,10.665553,7.360211,6.245275,4.223397,3.039273,9.118184,6.724971,5.107893,3.610209,58.545615,-735.541036,-676.798474,849.206349,1315.555556,-447.936508
2.618909,4.012177,6.001042,6.090952,3.719501,4.638847,2.751364,10.723486,7.334999,6.252647,4.236545,3.121003,9.147713,6.743069,5.156541,3.642250,57.921137,-735.735076,-678.274638,964.126984,1536.613757,-312.486772
2.599377,3.989571,5.944194,6.051554,3.723963,4.644297,2.725585,10.926649,7.082668,6.038778,4.129970,3.105738,8.690842,6.413837,4.940910,3.529483,56.777675,-735.411946,-677.078434,958.412698,1643.915344,-281.164021
2.595979,3.967797,5.917263,6.006725,3.634101,4.493571,2.691347,10.823176,7.076732,6.039343,4.138513,3.107394,8.541821,6.301148,4.836312,3.416056,57.982369,-736.146345,-678.485998,783.809524,1760.952381,-191.428571
2.548425,3.858983,5.723669,5.824098,3.604302,4.433470,2.749579,10.862264,6.882734,5.897226,4.048433,3.165071,8.369466,6.163245,4.775504,3.404429,56.215904,-737.399730,-676.816540,536.402116,1892.592593,-2.433862
2.531103,3.844954,5.675451,5.789721,3.572200,4.375505,2.699970,10.920639,6.586442,5.653364,3.922594,3.108852,7.751594,5.717723,4.454867,3.198701,54.557885,-738.635776,-676.706259,677.037037,1929.629630,67.407407
2.514842,3.771127,5.567612,5.633229,3.473244,4.173971,2.708556,10.758980,6.590640,5.664511,3.923043,3.145668,7.733993,5.696727,4.426140,3.155577,54.690304,-736.358811,-677.195720,636.507937,1686.984127,207.619048
2.450020,3.634152,5.328321,5.427612,3.446620,4.125062,2.738786,10.691874,6.231178,5.375086,3.720697,3.131020,7.334598,5.380307,4.229171,3.056476,54.381939,-738.091707,-680.003101,653.439153,1853.544974,485.291005
2.444993,3.642999,5.317624,5.425077,3.425305,4.053845,2.739222,10.687093,6.066476,5.235435,3.641019,3.095383,6.925853,5.068917,3.989972,2.872014,54.651575,-738.220805,-677.737214,840.211640,1965.502646,616.719577
2.413433,3.541925,5.149562,5.213818,3.396278,3.920989,2.797682,10.496911,5.980754,5.170605,3.578832,3.126362,6.931391,5.058685,3.982906,2.866268,55.608762,-736.410837,-677.494505,1214.920635,2047.301587,660.634921
2.351560,3.435372,4.970321,5.087230,3.374275,3.878177,2.808767,10.394041,5.685101,4.910825,3.364902,3.093105,6.596167,4.752731,3.776334,2.718598,57.031451,-733.936879,-676.952281,1256.084656,1899.153439,541.693122
2.359341,3.462050,5.006726,5.101837,3.396478,3.861434,2.875944,10.367926,5.684684,4.896975,3.348081,3.104049,6.512388,4.674011,3.700778,2.632685,56.060246,-732.335307,-675.502282,1316.507937,1723.809524,403.280423
2.308100,3.377052,4.859017,4.953907,3.397212,3.812503,2.903860,10.206964,5.528200,4.763792,3.233195,3.097521,6.461519,4.610538,3.664723,2.610786,57.723429,-732.906296,-678.250287,1200.000000,1413.333333,160.000000
2.275842,3.332907,4.805381,4.908364,3.387210,3.791125,2.941400,10.142102,5.454493,4.663528,3.112130,3.107618,6.375847,4.489309,3.566943,2.517387,57.665152,-731.073815,-676.548742,1140.317460,1126.137566,-49.100529
2.258879,3.330688,4.825212,4.907619,3.383151,3.774288,2.961454,9.993967,5.458102,4.652996,3.093424,3.103594,6.355981,4.459880,3.545374,2.481830,58.942509,-733.419747,-676.460584,1253.227513,1035.026455,-236.825397
2.222745,3.289936,4.740082,4.849715,3.388505,3.772407,2.965282,9.919021,5.313873,4.517038,2.987022,3.089244,6.276989,4.390957,3.495854,2.480657,58.106306,-733.257079,-678.126363,1336.825397,865.079365,-370.476190
2.193491,3.273067,4.764430,4.839997,3.354537,3.762027,2.965795,9.821216,5.350025,4.512264,2.953906,3.095891,6.263638,4.356715,3.457550,2.442881,59.848792,-733.796343,-675.718085,1816.402116,730.052910,-499.365079
2.165379,3.247724,4.718472,4.815541,3.330197,3.725586,2.941349,9.569527,5.274909,4.430676,2.893295,3.071064,6.182317,4.284930,3.419001,2.420269,59.650347,-733.951638,-675.525538,2082.857143,976.402116,-534.391534
2.152405,3.240979,4.697657,4.816242,3.336349,3.753118,2.934891,9.547478,5.162881,4.325777,2.833553,3.058748,6.042712,4.205739,3.356062,2.458775,59.617888,-734.330460,-676.787385,2411.746032,991.428571,-585.079365
2.122389,3.251705,4.713393,4.865672,3.312496,3.775307,2.903074,9.374915,5.160437,4.301892,2.814786,3.034394,5.985455,4.159831,3.311119,2.407549,58.952466,-734.664649,-676.998011,2839.259259,1100.740741,-518.518519
2.131019,3.255607,4.679023,4.864917,3.315226,3.764295,2.901382,9.247815,5.090702,4.228858,2.783111,3.042810,5.871366,4.091674,3.288372,2.448250,59.040993,-736.952307,-676.492319,3494.074074,1374.708995,-373.227513
2.121424,3.261681,4.681101,4.920831,3.325203,3.806956,2.909699,9.189585,5.009866,4.160516,2.762928,3.021650,5.743308,4.039394,3.236132,2.484438,58.682830,-738.373899,-678.117497,4180.952381,1856.190476,-273.333333
2.100389,3.306852,4.720488,5.056735,3.316064,3.875049,2.882992,9.130455,5.043693,4.148852,2.769043,3.017545,5.685937,4.008250,3.201982,2.440084,59.002262,-739.002800,-675.367649,4659.894180,2327.724868,-25.820106
2.144498,3.343828,4.714403,5.060596,3.343634,3.871348,2.940843,9.151572,5.048451,4.161033,2.792388,3.085886,5.654792,4.007044,3.250073,2.548355,58.539344,-737.638362,-675.786688,5282.645503,2583.492063,166.772487
2.102358,3.306018,4.684445,5.115475,3.307814,3.873422,2.941386,9.056662,4.991613,4.099755,2.782820,3.047701,5.576490,4.002869,3.206411,2.555940,55.947375,-737.380173,-674.445873,5682.222222,2928.253968,217.142857
2.094664,3.376783,4.779130,5.274395,3.293309,3.962171,2.929266,9.140817,5.159366,4.167615,2.822742,3.096419,5.626002,4.029425,3.230540,2.543313,56.173854,-736.605570,-674.244866,5599.153439,3089.523810,318.518519
2.129963,3.391286,4.761263,5.226715,3.285896,3.887695,3.000274,9.182407,5.204412,4.236574,2.865784,3.185704,5.692055,4.081426,3.322046,2.654773,55.226625,-738.018681,-672.910704,5833.333333,3360.000000,321.481481
2.066883,3.326202,4.714483,5.252777,3.213750,3.883795,2.973692,9.112579,5.206172,4.189672,2.843761,3.147811,5.693125,4.106474,3.303308,2.645206,55.944055,-737.467584,-671.869768,5841.269841,3404.444444,401.269841
2.068797,3.378861,4.810228,5.341979,3.177349,3.896640,2.975457,9.163839,5.397996,4.299542,2.892565,3.208961,5.805316,4.157796,3.360819,2.654470,55.567819,-733.517873,-671.367026,5209.841270,3484.867725,382.328042
2.067502,3.356308,4.763926,5.277587,3.138138,3.836238,2.990139,9.166512,5.425739,4.334993,2.907850,3.255125,5.886277,4.210346,3.430565,2.713273,55.245068,-735.907694,-673.124242,3995.238095,3436.296296,246.984127
2.031035,3.322242,4.756000,5.294730,3.084015,3.846508,2.967671,9.149763,5.470950,4.326944,2.886738,3.238581,5.933660,4.227790,3.445158,2.705443,55.784708,-737.148907,-672.633304,3820.952381,2921.904762,242.857143
2.039652,3.345179,4.808651,5.330015,3.056067,3.839759,2.962170,9.164466,5.580586,4.388401,2.909378,3.266226,6.008272,4.256007,3.476705,2.713240,56.460458,-737.946002,-671.127268,4150.582011,2430.582011,256.931217
2.030855,3.331265,4.781569,5.303010,3.041578,3.834945,2.962862,9.184892,5.607697,4.410935,2.913164,3.281220,6.094156,4.306746,3.536351,2.742932,55.239904,-738.239990,-668.409519,4113.544974,2434.074074,240.740741
2.008163,3.300065,4.756257,5.278447,2.993807,3.833264,2.932814,9.190984,5.612968,4.393748,2.887798,3.267423,6.103627,4.302868,3.548910,2.744820,56.879111,-739.529135,-666.476314,3626.666667,2508.888889,-33.333333
2.016649,3.298502,4.769023,5.283395,2.991143,3.829282,2.933544,9.218724,5.660563,4.413810,2.893770,3.269095,6.165206,4.331202,3.566864,2.752276,55.973195,-739.847104,-667.681373,3006.455026,2174.497354,-396.825397
2.005495,3.280826,4.743393,5.250031,2.975606,3.804582,2.933602,9.209690,5.671764,4.426572,2.896865,3.271721,6.208891,4.362324,3.602871,2.764521,58.259750,-740.816467,-663.656778,2120.740741,1380.423280,-761.798942
1.977790,3.219597,4.661513,5.135286,2.905932,3.726383,2.905522,9.154849,5.635098,4.396375,2.868515,3.258255,6.191213,4.357193,3.600906,2.767788,58.711601,-740.871430,-665.188267,1774.603175,571.746032,-1127.619048
1.976010,3.198382,4.647333,5.108869,2.908286,3.693803,2.922097,9.146083,5.648794,4.393073,2.864719,3.249345,6.230907,4.374210,3.598356,2.757550,59.040993,-740.466425,-662.930482,1238.835979,237.460317,-1341.164021
1.964254,3.156250,4.584304,4.976439,2.845304,3.549292,2.905565,8.988005,5.638066,4.393575,2.864726,3.250372,6.241254,4.389076,3.600636,2.744126,57.276004,-741.468238,-663.555682,900.423280,-209.947090,-1663.703704
1.939099,3.084465,4.485789,4.799746,2.788530,3.429443,2.909241,8.835468,5.574980,4.356824,2.835660,3.241375,6.194727,4.369979,3.581437,2.739032,59.791620,-741.776588,-664.722415,606.666667,-440.000000,-1885.714286
1.940114,3.079800,4.479633,4.772503,2.774867,3.364811,2.927933,8.776108,5.561574,4.328361,2.817369,3.220426,6.175746,4.340527,3.530774,2.685494,58.849186,-741.741928,-665.107865,197.037037,-513.333333,-2068.888889
1.960710,3.064851,4.431872,4.581771,2.717001,3.175672,2.914990,8.470970,5.539748,4.321275,2.821007,3.220497,6.142901,4.325106,3.499920,2.650339,60.676142,-741.070248,-666.133663,-176.507937,-702.645503,-2102.645503
1.952700,3.039161,4.399138,4.487468,2.706309,3.119153,2.944608,8.363842,5.483262,4.280241,2.787401,3.199597,6.069938,4.284709,3.450017,2.623154,59.766168,-741.066187,-666.147668,-788.571429,-723.492063,-2223.174603
1.972734,3.077217,4.427924,4.451901,2.682520,3.023518,2.945369,8.201909,5.468066,4.260055,2.784641,3.171823,6.007594,4.221107,3.383980,2.561109,58.720455,-740.210060,-668.412829,-1354.920635,-769.735450,-2192.804233
2.030710,3.139991,4.484632,4.402162,2.715530,3.014110,2.961870,8.022093,5.452979,4.261021,2.810388,3.162979,5.932655,4.197309,3.337954,2.530641,58.624183,-738.989519,-669.859493,-2078.730159,-994.285714,-2143.068783
2.020415,3.134600,4.492847,4.383116,2.710325,2.992275,2.980590,7.982248,5.403819,4.214354,2.767641,3.108495,5.849516,4.141397,3.272394,2.497780,58.752544,-739.331074,-669.375563,-2725.714286,-1281.904762,-2025.079365
2.071963,3.244463,4.627931,4.461258,2.744899,3.011306,2.982243,7.859037,5.451036,4.264050,2.826885,3.085440,5.796949,4.095140,3.237340,2.459299,56.767717,-737.377251,-669.525314,-2817.566138,-1261.375661,-1742.539683
2.124509,3.318878,4.715583,4.506864,2.795986,3.082795,3.001872,7.786393,5.456332,4.291281,2.873761,3.068285,5.745663,4.104450,3.217536,2.453894,58.557418,-738.204567,-667.780239,-3252.592593,-1309.629630,-1490.370370
2.100255,3.301599,4.738142,4.502360,2.786358,3.072049,2.994470,7.753083,5.425024,4.257271,2.843589,2.988838,5.682232,4.058110,3.176642,2.435352,59.217306,-737.049314,-668.457098,-3120.000000,-1239.047619,-1205.714286
2.152294,3.425965,4.911791,4.647205,2.823509,3.137729,2.985180,7.598793,5.532343,4.375093,2.946642,2.976039,5.690615,4.077591,3.190168,2.424265,58.076426,-735.448452,-667.591385,-2982.222222,-811.216931,-1089.947090
2.170609,3.450423,4.954370,4.670869,2.845383,3.157518,2.989791,7.572702,5.547259,4.407683,2.987099,2.942309,5.686196,4.096785,3.207141,2.434618,57.587320,-736.446609,-666.956209,-3111.322751,-567.513228,-800.211640
2.152541,3.449189,4.988988,4.677140,2.814464,3.146314,2.947270,7.461521,5.549280,4.415734,2.993539,2.895605,5.662627,4.084894,3.205744,2.430162,57.377071,-734.858288,-665.955108,-3278.412698,-129.206349,-606.666667
2.183226,3.520258,5.097813,4.781822,2.831856,3.172343,2.921378,7.276319,5.657954,4.527950,3.081022,2.882621,5.722250,4.137638,3.241871,2.435052,57.222150,-733.437451,-666.583661,-3768.571429,215.343915,-470.158730
2.178725,3.522353,5.111290,4.782440,2.800273,3.156275,2.888679,7.266314,5.675377,4.560658,3.111584,2.851026,5.736875,4.159481,3.272026,2.455436,56.488490,-733.978931,-667.675862,-4031.111111,491.534392,-301.798942
2.173612,3.527405,5.123128,4.788692,2.781846,3.150953,2.836046,7.095390,5.666882,4.563641,3.122437,2.837762,5.715773,4.158080,3.276582,2.458212,57.390349,-735.446999,-668.885330,-3891.111111,882.222222,-48.888889
2.179329,3.547987,5.138124,4.823675,2.762248,3.148302,2.781068,6.994631,5.713470,4.615745,3.159031,2.810824,5.746148,4.181396,3.289280,2.470331,57.870974,-731.460002,-669.219912,-3952.380952,1074.179894,92.486772
2.180265,3.548910,5.131717,4.833202,2.739019,3.139234,2.735112,6.952655,5.704622,4.625340,3.171944,2.794999,5.733792,4.196677,3.297002,2.489707,56.258322,-734.008819,-667.021106,-4133.862434,1503.174603,223.492063
2.171963,3.536280,5.084038,4.805607,2.720099,3.134730,2.668132,6.862623,5.639708,4.581138,3.159903,2.767747,5.659187,4.164286,3.280558,2.497648,54.742313,-731.648100,-669.652193,-4196.190476,1693.333333,238.095238
2.169186,3.526534,5.029617,4.792024,2.708721,3.135005,2.631249,6.844728,5.607170,4.559623,3.140350,2.739485,5.634351,4.150235,3.257364,2.502058,55.425439,-731.369999,-668.676928,-4485.608466,1916.931217,280.000000
2.169257,3.508169,4.994721,4.782991,2.698219,3.114156,2.581398,6.786967,5.558760,4.537918,3.136878,2.710530,5.573675,4.137248,3.241311,2.513709,53.717994,-732.183326,-667.720493,-4891.322751,2067.195767,93.333333
2.164464,3.490129,4.899095,4.730028,2.694799,3.116154,2.540630,6.804544,5.439863,4.456827,3.100095,2.679469,5.447089,4.066727,3.205438,2.513315,52.719493,-730.212888,-667.187863,-5371.428571,2108.571429,118.095238
2.154863,3.452632,4.815767,4.683757,2.694918,3.102159,2.533462,6.836356,5.368692,4.397033,3.055044,2.647582,5.398571,4.032125,3.170792,2.507884,54.188657,-730.690934,-669.329435,-5750.370370,2047.407407,-17.037037
2.166212,3.445109,4.795989,4.670558,2.688986,3.071521,2.503274,6.776828,5.335085,4.392382,3.058581,2.614600,5.330443,3.998558,3.152154,2.497235,54.710592,-733.523036,-667.462644,-6161.269841,1792.063492,-252.698413
2.152664,3.404369,4.678941,4.590849,2.687262,3.050494,2.501292,6.837264,5.214626,4.304446,3.008819,2.600199,5.227862,3.932842,3.125545,2.489679,54.017507,-734.424509,-668.562223,-6486.349206,1733.333333,-353.968254
2.150334,3.392266,4.644342,4.565156,2.680769,3.032252,2.505166,6.876177,5.193166,4.285909,2.979530,2.578167,5.211686,3.894955,3.112533,2.471640,54.405177,-732.743270,-668.010406,-6938.941799,1500.105820,-548.359788
2.151694,3.357268,4.605316,4.511681,2.674774,2.961303,2.504598,6.785165,5.158962,4.276516,2.973463,2.553301,5.157954,3.857729,3.087643,2.438106,55.109328,-734.641419,-664.972130,-7595.449735,1093.756614,-737.248677
2.136314,3.335991,4.552312,4.475116,2.649218,2.949916,2.493345,6.836352,5.128786,4.251296,2.957011,2.540613,5.143956,3.840939,3.093670,2.424787,55.054367,-735.017634,-665.243590,-7894.285714,627.619048,-1053.333333
2.113616,3.308178,4.527853,4.424506,2.617375,2.897759,2.486300,6.789847,5.121663,4.230242,2.903622,2.522734,5.135159,3.771178,3.076766,2.378565,54.854077,-737.588590,-663.464949,-8158.835979,299.365079,-1382.857143
2.109812,3.268930,4.493231,4.375689,2.603046,2.817662,2.470723,6.694067,5.092532,4.232530,2.913268,2.478852,5.105306,3.753078,3.047087,2.327692,55.218879,-736.154455,-663.432133,-8479.259259,-72.592593,-1804.444444
2.070249,3.215719,4.422064,4.321417,2.538035,2.793540,2.423206,6.629420,5.045268,4.175114,2.869013,2.445121,5.084374,3.720341,3.040141,2.304254,57.140265,-732.936174,-668.780226,-8900.000000,-215.555556,-2249.841270
2.040994,3.163323,4.382647,4.243097,2.507088,2.720403,2.393144,6.527528,4.995414,4.129038,2.810249,2.390288,5.039428,3.630263,2.981576,2.222041,57.601707,-732.185913,-668.702381,-9442.116402,-280.846561,-2579.470899
2.022930,3.110776,4.308083,4.201481,2.465790,2.658194,2.321573,6.384282,4.906226,4.083187,2.806085,2.308601,4.961655,3.592337,2.929923,2.148598,59.024764,-729.302924,-670.177444,-9894.391534,-763.809524,-2843.597884
1.982922,3.019461,4.185201,4.060601,2.412159,2.600922,2.275579,6.209142,4.765894,3.951966,2.714641,2.260945,4.855263,3.488589,2.865738,2.109658,60.485443,-728.883899,-671.997047,-10434.920635,-1141.587302,-2873.015873
1.964689,2.971252,4.127413,4.024219,2.391352,2.537826,2.216354,6.086986,4.659833,3.890299,2.681520,2.150683,4.760920,3.402971,2.771926,2.000878,61.066763,-728.957276,-674.821753,-10949.629630,-1383.597884,-2846.666667
1.941662,2.896283,3.991603,3.922239,2.356965,2.488517,2.127992,5.853509,4.466646,3.757613,2.627149,2.058352,4.593342,3.311004,2.685604,1.924459,61.452959,-730.309905,-677.238500,-11464.126984,-1501.058201,-2697.142857
1.930672,2.836993,3.888026,3.774299,2.347421,2.427468,2.114998,5.714553,4.316448,3.645644,2.561620,2.027318,4.464379,3.201961,2.603972,1.888146,62.696381,-730.303632,-675.020182,-11600.000000,-1293.333333,-2446.666667
1.906151,2.780408,3.787083,3.743717,2.318737,2.367498,2.034535,5.562050,4.155458,3.549276,2.519548,1.895862,4.329510,3.111365,2.500419,1.785317,63.181433,-730.519762,-673.760552,-11468.994709,-982.539683,-2335.449735
1.905184,2.750965,3.695842,3.646102,2.321416,2.352918,1.999506,5.385176,3.974204,3.434251,2.464207,1.839917,4.159181,3.013078,2.417138,1.735921,62.709291,-730.369643,-673.219084,-11179.470899,-552.380952,-2190.899471
1.888458,2.714447,3.606524,3.527730,2.304738,2.302415,1.978615,5.343307,3.862881,3.365749,2.428497,1.822432,4.057096,2.946170,2.362840,1.721888,63.473197,-728.674724,-671.724808,-11269.206349,-340.317460,-2046.349206
1.873763,2.693052,3.551448,3.515107,2.279386,2.286198,1.925334,5.244773,3.764554,3.303616,2.391750,1.748276,3.977805,2.890148,2.306789,1.675491,64.086979,-730.544490,-669.617883,-11455.026455,68.783069,-2006.666667
1.869242,2.690895,3.514524,3.456310,2.267254,2.279529,1.908559,5.228590,3.686526,3.268567,2.373519,1.722220,3.896743,2.855190,2.277682,1.665312,65.231547,-729.783167,-670.141296,-11703.280423,93.333333,-1879.894180
1.849145,2.673288,3.455689,3.391836,2.235694,2.271299,1.869973,5.230772,3.615696,3.229991,2.351865,1.715278,3.825045,2.817753,2.263370,1.674339,64.731374,-730.269311,-669.209567,-12019.365079,75.873016,-1687.936508
1.842510,2.669025,3.447894,3.388108,2.205601,2.274666,1.843461,5.246549,3.601754,3.223447,2.349962,1.691324,3.817112,2.823457,2.268075,1.683126,67.158096,-731.393242,-670.220234,-12333.333333,34.074074,-1307.407407
1.829989,2.670839,3.431790,3.368748,2.178269,2.291302,1.817997,5.302170,3.595932,3.228943,2.349382,1.673997,3.805975,2.828116,2.274406,1.689005,65.864140,-730.251257,-670.249740,-12809.735450,135.873016,-954.391534
1.817716,2.666302,3.405308,3.346643,2.148566,2.306827,1.780660,5.345557,3.567738,3.230739,2.359749,1.686968,3.773917,2.826480,2.307647,1.716005,64.515593,-729.234673,-670.512003,-13400.000000,176.190476,-466.666667
1.814404,2.662786,3.399511,3.347468,2.121646,2.311888,1.774537,5.449236,3.576117,3.236729,2.376319,1.699955,3.761868,2.838869,2.324438,1.743062,66.081765,-731.850250,-667.644885,-14172.486772,51.746032,-29.947090
1.796396,2.666452,3.393001,3.357696,2.101386,2.355730,1.748236,5.496276,3.600509,3.256034,2.377374,1.689925,3.795958,2.853289,2.344682,1.743387,63.089954,-731.697532,-669.952082,-15007.301587,140.000000,371.005291
1.796180,2.673834,3.381266,3.354878,2.099475,2.370249,1.752367,5.617941,3.597679,3.286083,2.414254,1.738297,3.774678,2.871192,2.397936,1.783424,62.803719,-731.119174,-667.956923,-15738.412698,-11.111111,929.841270
1.794846,2.678639,3.384223,3.381110,2.109805,2.380470,1.761210,5.710220,3.602391,3.289484,2.425841,1.761049,3.741695,2.862458,2.394175,1.790248,63.289876,-731.267093,-667.461539,-16667.830688,185.396825,1415.132275
1.775038,2.684836,3.385122,3.396678,2.101279,2.418549,1.741030,5.750390,3.630925,3.314889,2.435433,1.771431,3.788029,2.884098,2.421415,1.796441,60.909630,-732.686811,-664.945193,-17111.111111,342.222222,1996.296296
1.791391,2.703318,3.392577,3.413348,2.143391,2.419303,1.780692,5.862379,3.642246,3.349504,2.472179,1.842192,3.767506,2.903855,2.458354,1.829971,60.059410,-732.657308,-666.126648,-17779.047619,652.063492,2622.222222
1.774409,2.698587,3.406417,3.444423,2.148339,2.420935,1.778736,5.892183,3.652814,3.356806,2.476077,1.847623,3.756055,2.902168,2.451540,1.825677,60.617125,-730.821878,-668.909319,-18485.820106,975.555556,3227.301587
1.771419,2.716309,3.420429,3.451996,2.164530,2.442446,1.753637,5.908553,3.674485,3.380934,2.494616,1.874162,3.779720,2.921001,2.470867,1.842762,59.592436,-729.342741,-667.233230,-18921.693122,1561.587302,3577.142857
1.784422,2.712616,3.415153,3.454101,2.201243,2.419369,1.792992,5.947521,3.673186,3.388921,2.503096,1.932833,3.766490,2.933220,2.482994,1.858165,58.692790,-728.497694,-669.194072,-19557.142857,1909.523810,4016.190476
1.735035,2.666140,3.391279,3.437494,2.147151,2.376323,1.750615,5.883886,3.668229,3.373687,2.483087,1.911497,3.759278,2.929985,2.469331,1.852093,58.372989,-726.240278,-669.126200,-20066.455026,1872.698413,4229.206349
1.752899,2.683512,3.406646,3.437022,2.166138,2.391842,1.727462,5.896711,3.671290,3.377201,2.494064,1.945586,3.743093,2.926925,2.469502,1.860385,57.943271,-728.277472,-669.388457,-20872.169312,1935.026455,4399.259259
1.732500,2.630689,3.338736,3.384814,2.139715,2.329014,1.738778,5.854277,3.627793,3.338013,2.457422,1.979953,3.714149,2.911877,2.464511,1.864657,58.482541,-723.750472,-673.827311,-21346.666667,2362.222222,4500.000000
1.670623,2.545318,3.256282,3.308065,2.052477,2.255805,1.690207,5.758678,3.570894,3.272429,2.404814,1.951733,3.667794,2.880006,2.431025,1.854246,54.533539,-719.791530,-665.880983,-21720.000000,2208.253968,4508.042328
1.692686,2.552044,3.251890,3.301542,2.060496,2.268386,1.679847,5.767936,3.546903,3.253670,2.399736,1.980754,3.605740,2.844468,2.413006,1.844908,58.921850,-728.280450,-678.051119,-22977.883598,1219.788360,4576.190476
1.642406,2.450350,3.094754,3.176877,1.986717,2.170353,1.671031,5.672725,3.427384,3.152380,2.317411,2.005387,3.534455,2.790280,2.404362,1.855797,55.564499,-721.613683,-673.783040,-22514.920635,2061.587302,4518.095238
1.600641,2.381460,3.018276,3.094299,1.930913,2.124642,1.650516,5.620124,3.345604,3.071584,2.259327,1.993090,3.463425,2.739874,2.362517,1.844501,52.264321,-723.378657,-676.519597,-23644.021164,1388.677249,4205.079365
1.612198,2.374137,2.980293,3.080368,1.938808,2.122686,1.647181,5.606739,3.302849,3.047845,2.249570,2.017698,3.395121,2.699789,2.350839,1.828727,51.623614,-724.401525,-675.133447,-24512.698413,880.423280,4022.962963
1.574672,2.294994,2.829016,2.948245,1.910423,2.061338,1.647783,5.538636,3.149885,2.933058,2.167997,2.047006,3.304027,2.636200,2.354158,1.861616,51.648327,-724.158811,-675.425219,-25072.380952,697.142857,3757.142857
1.554217,2.266808,2.800813,2.912007,1.901205,2.046898,1.640919,5.527244,3.115790,2.900622,2.142398,2.055306,3.276214,2.609181,2.326039,1.838958,50.943070,-723.112721,-675.960059,-26145.185185,98.518519,3401.481481
1.560489,2.258008,2.761423,2.893129,1.932355,2.046572,1.639344,5.522033,3.068917,2.877796,2.138953,2.078855,3.253919,2.608720,2.344356,1.851954,50.400846,-723.294571,-677.447271,-27067.089947,-609.629630,2814.285714
1.555076,2.250821,2.722580,2.848525,1.946610,2.042688,1.637753,5.530555,3.004921,2.842986,2.118731,2.125744,3.214825,2.582413,2.360358,1.879902,50.053751,-723.119718,-679.166539,-27877.777778,-1374.603175,2374.920635
1.540356,2.234246,2.710392,2.835803,1.962825,2.036930,1.633900,5.540082,3.002550,2.834008,2.114075,2.140148,3.238605,2.592217,2.352315,1.854861,49.086234,-722.872967,-678.144814,-28481.164021,-2201.375661,1834.708995
1.558589,2.244277,2.721681,2.835363,1.996641,2.044919,1.626863,5.558952,2.998624,2.849030,2.141673,2.162245,3.263626,2.636165,2.385990,1.889496,51.153689,-725.278290,-680.051056,-28791.216931,-2694.179894,1277.566138
1.567314,2.250656,2.735777,2.839780,1.993389,2.045055,1.610441,5.603202,3.011105,2.858278,2.160225,2.215143,3.266219,2.641326,2.400198,1.901420,49.252591,-725.222232,-682.008244,-29114.603175,-3035.873016,632.698413
1.566963,2.238648,2.725099,2.827956,2.008906,2.049505,1.605548,5.599267,2.998661,2.847632,2.162046,2.214222,3.290395,2.660933,2.401574,1.889599,47.626662,-725.194949,-680.708369,-29371.957672,-3364.126984,71.851852
1.592421,2.238421,2.743833,2.812713,2.004682,2.034171,1.592829,5.587820,3.017209,2.869455,2.193240,2.248189,3.315735,2.702628,2.420977,1.918366,48.128678,-724.754882,-680.419172,-29551.111111,-3780.000000,-646.666667
1.605859,2.225531,2.742961,2.799658,1.985829,2.016599,1.577454,5.548684,3.018396,2.866978,2.207403,2.266963,3.326153,2.719092,2.430525,1.924361,47.133497,-722.804364,-681.453832,-29704.761905,-3940.952381,-1174.285714
1.635858,2.230348,2.745032,2.784012,1.991994,2.027547,1.572453,5.542208,3.013755,2.874735,2.221843,2.281139,3.349334,2.743829,2.443907,1.933572,46.064177,-721.125331,-675.840913,-30200.529101,-4079.259259,-1718.835979
1.663118,2.205346,2.728926,2.720762,1.967553,1.973912,1.577672,5.401375,2.993017,2.858952,2.223096,2.308502,3.334858,2.748805,2.442343,1.952895,45.256745,-721.377234,-673.001808,-31157.354497,-4464.656085,-2452.804233
1.669828,2.191840,2.729963,2.709874,1.949621,1.952244,1.569913,5.306530,3.009939,2.873426,2.232935,2.308498,3.386802,2.785794,2.456606,1.957004,43.360072,-720.745022,-673.565037,-32305.714286,-5168.571429,-3223.174603
1.727047,2.207777,2.726474,2.673563,1.962643,1.954254,1.577106,5.277333,2.998266,2.883278,2.246495,2.347467,3.399983,2.803595,2.478146,1.979476,43.138020,-721.127905,-669.084520,-33843.809524,-5676.402116,-4203.386243
1.734478,2.175979,2.696683,2.612935,1.946228,1.893105,1.603477,5.081064,2.968911,2.859198,2.229148,2.345767,3.388842,2.798722,2.469927,1.989567,42.292596,-720.760160,-668.883116,-35401.693122,-6267.513228,-5152.804233
1.742031,2.172074,2.698622,2.618230,1.943614,1.889120,1.597746,5.029895,2.998217,2.882989,2.241420,2.354487,3.447939,2.841571,2.485807,1.992996,40.945524,-722.301987,-665.058802,-37197.777778,-7086.666667,-6097.777778
1.782554,2.175007,2.663983,2.578239,1.956295,1.875917,1.620062,4.991014,2.961656,2.867876,2.233734,2.368129,3.437097,2.834612,2.491862,2.004746,41.393687,-723.737569,-664.983913,-39062.116402,-7706.560847,-7009.206349
1.773541,2.149345,2.652502,2.572713,1.959283,1.857258,1.643119,4.912266,2.971209,2.865100,2.223148,2.361380,3.469247,2.858637,2.492704,2.008498,41.255735,-724.419967,-670.247535,-40719.682540,-7783.386243,-7827.936508
1.785213,2.153230,2.633033,2.570030,1.963754,1.858451,1.646698,4.905120,2.965492,2.871035,2.236273,2.364855,3.479369,2.876071,2.500221,2.011222,42.495837,-723.016831,-674.425983,-41839.047619,-7628.571429,-8626.666667
1.793466,2.134987,2.599548,2.571946,1.971764,1.860306,1.671015,4.924892,2.941301,2.845242,2.216169,2.350470,3.474620,2.869958,2.493536,2.010751,43.323557,-722.767113,-672.736594,-43125.079365,-7602.962963,-9270.899471
1.798487,2.132406,2.607002,2.587490,1.997798,1.873522,1.711802,4.927913,2.964282,2.859815,2.225943,2.352492,3.508589,2.903181,2.500311,2.013161,42.556331,-721.217902,-665.233630,-44204.444444,-7831.005291,-9832.063492
1.793783,2.128787,2.592080,2.597834,1.993616,1.876727,1.710862,4.966614,2.947216,2.851058,2.230435,2.344351,3.495527,2.904588,2.498974,2.012843,39.687348,-721.063713,-660.527361,-45889.523810,-8191.746032,-10460.952381
1.806944,2.123795,2.588531,2.622502,2.015761,1.900704,1.752616,4.999339,2.953069,2.846688,2.225306,2.336196,3.505526,2.911938,2.496097,2.018623,40.444614,-727.507327,-658.908458,-47691.111111,-8425.925926,-10942.222222
1.824141,2.138901,2.621609,2.644247,2.053398,1.917683,1.805163,5.012920,2.972889,2.864250,2.240122,2.342358,3.521823,2.931577,2.497953,2.015025,43.212160,-729.359350,-664.078383,-48726.878307,-8241.798942,-11380.634921
1.815253,2.141309,2.633737,2.668148,2.051299,1.929591,1.806739,5.040532,2.971195,2.858984,2.242655,2.336536,3.506091,2.929007,2.489500,2.011451,45.988191,-721.283922,-673.403491,-49776.507937,-7821.904762,-11819.047619
1.831675,2.142449,2.636349,2.670194,2.077950,1.937415,1.853393,5.029603,2.972477,2.856434,2.238006,2.333533,3.497016,2.920488,2.472783,2.010396,48.072610,-719.270688,-679.791000,-50856.296296,-7526.560847,-12118.201058
1.855543,2.167009,2.689813,2.703804,2.113687,1.963887,1.894865,5.046787,2.992552,2.868582,2.247902,2.338902,3.504112,2.927873,2.468560,2.000849,48.943117,-719.877831,-676.973319,-51672.063492,-7904.656085,-12335.026455
1.843486,2.165300,2.691942,2.696213,2.110206,1.958359,1.900039,4.994979,2.972203,2.849484,2.235121,2.330586,3.455360,2.898119,2.431646,1.976915,50.566095,-720.444024,-685.636680,-52025.714286,-8607.619048,-12384.761905
1.856975,2.156615,2.686259,2.678560,2.121594,1.944566,1.915913,4.947820,2.955218,2.829095,2.220897,2.321514,3.418486,2.869006,2.397225,1.958279,54.677763,-719.125747,-700.693878,-51665.079365,-9167.936508,-12425.714286
1.869443,2.165549,2.708133,2.688477,2.127628,1.962692,1.925746,4.935877,2.948005,2.815988,2.211708,2.314349,3.400125,2.854295,2.376261,1.938180,59.347516,-709.404834,-714.235763,-50844.444444,-9065.185185,-12551.111111
1.859339,2.152500,2.693084,2.650702,2.116863,1.940557,1.921552,4.826595,2.910896,2.781645,2.186758,2.297829,3.325128,2.803530,2.317792,1.891361,61.420501,-705.137874,-730.365592,-48755.555556,-8867.301587,-12137.460317
1.858053,2.120966,2.657370,2.615568,2.092519,1.920421,1.894062,4.755486,2.872616,2.739425,2.160232,2.282449,3.287773,2.772664,2.291297,1.869880,65.157038,-705.482384,-735.844631,-45624.656085,-8320.740741,-11315.555556
1.854470,2.103969,2.637026,2.584072,2.063716,1.911199,1.875467,4.716727,2.838005,2.703737,2.132831,2.262942,3.241684,2.737248,2.253870,1.840104,68.173196,-704.680477,-736.782987,-42326.666667,-8313.968254,-10517.671958
1.842898,2.073201,2.602453,2.542556,2.040832,1.889062,1.852901,4.571112,2.791656,2.656532,2.100295,2.232008,3.176948,2.688320,2.203328,1.782864,71.401814,-700.104054,-746.997432,-39174.285714,-7703.174603,-9965.396825
1.818898,2.013881,2.534956,2.493248,1.966927,1.863427,1.791885,4.535875,2.746000,2.603039,2.064772,2.212488,3.158593,2.666713,2.195628,1.774002,74.881258,-696.087187,-750.435935,-36934.179894,-7386.772487,-9424.761905
1.819409,1.997816,2.520908,2.459598,1.951416,1.851928,1.780481,4.484359,2.710826,2.569981,2.036916,2.187401,3.107275,2.626209,2.151782,1.738471,74.893432,-696.745240,-750.828769,-34090.052910,-7420.423280,-8748.677249
1.797944,1.950446,2.467483,2.422951,1.912767,1.831248,1.743900,4.323558,2.661941,2.517692,2.001877,2.145446,3.084133,2.597326,2.132701,1.698336,75.477334,-695.237325,-743.549337,-30660.000000,-6673.333333,-8073.333333
