5.092635,4.588996,6.536379,8.950387,5.725683,0.000000,0.000000,0.000000,6.617651,5.853602,4.705801,4.882599,7.429786,5.843153,5.157288,4.168490,95.810669,-662.541341,-744.037354,-1493.333333,-280.000000,-2006.666667
5.150715,4.706981,6.687763,8.902025,5.622600,0.000000,0.000000,0.000000,6.670161,5.996729,4.760789,4.930618,7.450875,5.859957,5.254993,4.171245,94.997335,-662.866679,-741.272013,-1446.666667,-466.666667,-1913.333333
5.123289,4.755390,6.777532,8.850204,5.575040,0.000000,0.000000,0.000000,6.757543,6.075605,4.818430,4.901092,7.601854,6.010598,5.340302,4.231870,95.160001,-662.866679,-742.085347,-1306.666667,-653.333333,-1680.000000
5.116346,4.767660,6.783762,8.874073,5.476143,0.000000,0.000000,0.000000,6.985334,6.250693,4.879526,4.936345,7.886117,6.191057,5.430373,4.326370,94.184001,-662.216003,-740.946676,-1353.333333,-886.666667,-1493.333333
5.122849,4.784317,6.805679,8.786823,5.470137,0.000000,0.000000,0.000000,7.045685,6.269673,4.904801,4.947155,7.950991,6.196938,5.433274,4.329795,93.696002,-662.215983,-742.573344,-1353.333333,-1306.666667,-1260.000000
5.104521,4.780458,6.842570,8.672480,5.498395,0.000000,0.000000,0.000000,7.201112,6.415133,4.961732,4.992753,8.226797,6.285813,5.464782,4.360081,90.930669,-662.541341,-743.386678,-1400.000000,-1353.333333,-980.000000
5.088315,4.806565,6.811697,8.548313,5.490108,0.000000,0.000000,0.000000,7.226988,6.457520,4.975608,5.038350,8.348866,6.279774,5.443168,4.379175,92.882665,-662.866679,-745.176005,-1446.666667,-1306.666667,-653.333333
5.113295,4.820991,6.726275,8.526266,5.405160,0.000000,0.000000,0.000000,7.224641,6.482216,4.964410,5.022923,8.415331,6.311939,5.449442,4.383981,91.093335,-663.680013,-744.037333,-1400.000000,-1260.000000,-466.666667
5.101932,4.833759,6.816842,8.640229,5.368515,0.000000,0.000000,0.000000,7.257127,6.498864,4.968106,5.001166,8.464338,6.390445,5.416941,4.383621,89.954668,-665.144023,-743.061340,-1260.000000,-1260.000000,-140.000000
5.129410,4.922227,6.901180,8.587342,5.297423,0.000000,0.000000,0.000000,7.354395,6.650186,5.046168,5.008588,8.598725,6.548863,5.605994,4.427132,89.792001,-665.794678,-743.549357,-1026.666667,-840.000000,186.666667
5.128683,4.979986,6.904280,8.525870,5.301146,0.000000,0.000000,0.000000,7.336739,6.719521,5.059270,5.079709,8.604457,6.570365,5.644182,4.505424,89.792001,-663.842672,-742.410665,-886.666667,-793.333333,280.000000
5.113376,5.059363,7.030269,8.552532,5.317318,0.000000,0.000000,0.000000,7.429566,6.777024,5.042240,5.109805,8.672931,6.610023,5.595528,4.481460,89.141333,-664.656006,-741.597331,-746.666667,-280.000000,466.666667
5.085977,5.128062,7.050376,8.601628,5.320859,0.000000,0.000000,0.000000,7.510068,6.833273,5.047838,5.094745,8.692753,6.689300,5.592918,4.491469,88.816000,-665.957336,-742.410685,-606.666667,93.333333,466.666667
4.960993,5.168785,6.935804,8.657164,5.316682,0.000000,0.000000,0.000000,7.579971,6.802841,5.052999,5.000743,8.747277,6.727634,5.550725,4.496444,88.653336,-664.818665,-742.735982,-420.000000,560.000000,560.000000
4.884559,5.170310,6.904318,8.505236,5.354575,0.000000,0.000000,0.000000,7.575778,6.816594,5.091609,4.999480,8.777322,6.783008,5.597806,4.576978,88.816000,-663.680013,-742.573344,-233.333333,840.000000,513.333333
4.856837,5.183975,6.868186,8.510674,5.367926,0.000000,0.000000,0.000000,7.609793,6.837441,5.052215,4.987990,8.714494,6.721090,5.512572,4.547371,88.328000,-663.517334,-742.898682,0.000000,1073.333333,420.000000
4.845703,5.203091,6.944517,8.669604,5.418761,0.000000,0.000000,0.000000,7.635598,6.850132,5.042406,4.965514,8.701616,6.701537,5.469669,4.481973,89.466668,-662.866679,-742.898682,140.000000,1446.666667,280.000000
4.870627,5.260798,7.070056,8.911279,5.413966,0.000000,0.000000,0.000000,7.647134,6.860659,5.040155,4.985827,8.629279,6.636799,5.403173,4.468223,88.002668,-660.426677,-743.224019,326.666667,1680.000000,233.333333
4.796547,5.270315,7.076927,9.038993,5.423113,0.000000,0.000000,0.000000,7.621997,6.885586,5.053580,5.123442,8.560460,6.626772,5.409184,4.516043,89.791998,-662.053325,-743.386678,466.666667,2006.666667,186.666667
4.639412,5.278100,7.091261,9.052698,5.403239,0.000000,0.000000,0.000000,7.622654,6.925915,5.022086,5.179669,8.543480,6.636124,5.388163,4.545782,91.256003,-659.287985,-740.621338,606.666667,1913.333333,-93.333333
4.560896,5.314950,7.207835,9.181338,5.486084,0.000000,0.000000,0.000000,7.704232,6.974031,5.066428,5.176633,8.597217,6.657779,5.425555,4.600715,91.418668,-661.728007,-741.272014,606.666667,1960.000000,-233.333333
4.526827,5.306308,7.199083,9.276134,5.525689,0.000000,0.000000,0.000000,7.699234,6.973192,5.060195,5.176474,8.570826,6.638406,5.460253,4.572286,89.954670,-660.101359,-740.296021,653.333333,1726.666667,-466.666667
4.462234,5.262538,7.147346,9.197915,5.487126,0.000000,0.000000,0.000000,7.696975,6.970747,5.049931,5.151346,8.626672,6.690411,5.473764,4.560753,91.418668,-659.287985,-739.157349,420.000000,1586.666667,-560.000000
4.476544,5.331650,7.079278,9.259626,5.499272,0.000000,0.000000,0.000000,7.674007,6.938451,5.013370,5.189271,8.605561,6.686459,5.542116,4.577065,92.232001,-659.613342,-739.645345,420.000000,1493.333333,-746.666667
4.421193,5.274338,6.977063,9.143885,5.464768,0.000000,0.000000,0.000000,7.613337,6.860200,4.925290,5.177253,8.541714,6.629166,5.460762,4.536667,92.720001,-661.240011,-740.133342,46.666667,980.000000,-886.666667
4.296219,5.240127,6.903649,9.058990,5.414290,0.000000,0.000000,0.000000,7.622568,6.846406,4.886837,5.129193,8.535435,6.604406,5.323339,4.423030,93.533333,-659.776001,-740.296000,-93.333333,700.000000,-933.333333
4.224992,5.238801,6.937921,9.100783,5.405743,0.000000,0.000000,0.000000,7.655658,6.973396,4.919673,5.150912,8.559618,6.648974,5.321901,4.430818,94.346668,-661.402669,-740.621338,-186.666667,420.000000,-1120.000000
4.140886,5.257697,6.904399,9.125534,5.417811,0.000000,0.000000,0.000000,7.675693,7.002329,4.860532,5.197637,8.587503,6.678523,5.322156,4.424616,94.021336,-660.589335,-742.736003,-233.333333,280.000000,-1120.000000
4.026036,5.258880,6.911983,9.105967,5.350975,0.000000,0.000000,0.000000,7.693126,7.024707,4.873098,5.139836,8.597860,6.685379,5.323103,4.392415,95.973335,-660.589335,-741.760010,-186.666667,46.666667,-980.000000
4.000242,5.291104,6.902549,9.042921,5.378061,0.000000,0.000000,0.000000,7.670449,7.012193,4.833930,5.147621,8.604689,6.698095,5.340491,4.356983,95.973335,-659.938680,-744.688009,-46.666667,-46.666667,-886.666667
4.059874,5.431195,7.036300,9.049855,5.539246,0.000000,0.000000,0.000000,7.724777,7.062629,4.835434,5.140932,8.634667,6.713342,5.341756,4.244046,95.160001,-660.752014,-744.688009,233.333333,0.000000,-700.000000
4.017676,5.391115,6.934800,8.992191,5.597309,0.000000,0.000000,0.000000,7.540784,6.996526,4.750905,5.036377,8.460227,6.626357,5.134881,4.149103,96.624000,-660.263997,-744.362691,653.333333,46.666667,-420.000000
4.034880,5.395489,6.973766,9.054027,5.608529,0.000000,0.000000,0.000000,7.526080,7.025247,4.775679,5.033275,8.479181,6.625879,5.199305,4.189166,95.322667,-662.541341,-743.712016,1026.666667,186.666667,-326.666667
4.158569,5.473459,7.187415,9.330317,5.645956,0.000000,0.000000,0.000000,7.703300,7.231499,4.861247,5.046699,8.749804,6.780468,5.323750,4.207309,94.672001,-662.216003,-742.736003,1400.000000,373.333333,0.000000
4.277287,5.509206,7.244126,9.529765,5.663264,0.000000,0.000000,0.000000,7.841184,7.370927,4.931648,5.058997,8.895657,6.902203,5.522533,4.269860,95.485334,-659.288005,-743.061320,1866.666667,513.333333,420.000000
4.345346,5.505033,7.248192,9.594127,5.668973,0.000000,0.000000,0.000000,7.900971,7.443430,4.923861,5.073005,8.960322,6.927948,5.507384,4.329986,95.648000,-661.890666,-744.037333,2240.000000,886.666667,653.333333
4.364856,5.641243,7.471640,9.783124,5.757825,0.000000,0.000000,0.000000,8.151570,7.510164,4.976849,5.062959,9.102462,6.968826,5.540812,4.374099,96.136002,-660.589335,-743.712016,2613.333333,1166.666667,1026.666667
4.328326,5.729748,7.564044,10.087046,5.815490,0.000000,0.000000,0.000000,8.229905,7.573656,5.005393,5.057583,9.175530,7.001236,5.500498,4.344241,95.810666,-661.240011,-743.874674,2940.000000,1446.666667,1166.666667
4.336914,5.718661,7.381727,10.141910,5.731742,0.000000,0.000000,0.000000,8.260634,7.580826,5.001898,5.086971,9.342405,7.153473,5.492322,4.401215,95.973333,-659.288005,-744.037333,3313.333333,1680.000000,1493.333333
4.391690,5.801887,7.409249,10.188562,5.757514,0.000000,0.000000,0.000000,8.312067,7.679050,5.092642,5.172197,9.469474,7.266365,5.525552,4.470755,94.997335,-661.239990,-744.362671,3640.000000,2146.666667,1773.333333
4.390530,5.793899,7.508416,10.246686,5.745013,0.000000,0.000000,0.000000,8.358830,7.769618,5.181551,5.151044,9.571464,7.318185,5.656436,4.486925,92.394667,-658.962667,-745.013346,4106.666667,2286.666667,1913.333333
4.454981,5.815164,7.665146,10.356673,5.691509,0.000000,0.000000,0.000000,8.422818,7.839584,5.281399,5.172386,9.650977,7.378910,5.791474,4.545455,92.720002,-658.800008,-745.013346,4340.000000,2426.666667,2193.333333
4.446039,5.798777,7.690337,10.280870,5.663211,0.000000,0.000000,0.000000,8.408159,7.816657,5.249227,5.149989,9.733414,7.383703,5.847447,4.575847,94.509332,-657.010661,-743.712016,4666.666667,2566.666667,2333.333333
4.478660,5.869615,7.678755,10.223883,5.613346,0.000000,0.000000,0.000000,8.547301,7.819377,5.256936,5.208454,9.855393,7.397305,5.813910,4.596059,91.093333,-656.522664,-743.549337,4900.000000,2846.666667,2520.000000
4.525058,5.897644,7.655286,10.176504,5.485225,0.000000,0.000000,0.000000,8.612882,7.815861,5.256802,5.171289,9.704168,7.263031,5.664307,4.566728,90.768000,-657.824015,-744.199992,5040.000000,2846.666667,2566.666667
4.547453,5.910332,7.621850,10.547669,5.395252,0.000000,0.000000,0.000000,8.835209,7.896537,5.270981,5.145606,10.333689,7.543385,5.645661,4.546731,91.093335,-660.751994,-744.688009,5180.000000,2800.000000,2566.666667
4.521481,5.953061,7.707576,11.454442,5.320423,0.000000,0.000000,0.000000,9.603943,8.209592,5.384448,5.104439,11.406808,8.030840,5.686115,4.483376,91.093334,-658.962667,-745.338684,5413.333333,2706.666667,2473.333333
4.556223,6.119651,7.824194,12.119963,5.241959,0.000000,0.000000,0.000000,10.059567,8.561504,5.562974,5.130924,11.662755,8.186133,5.771576,4.487621,90.930668,-659.775981,-745.176005,5366.666667,2613.333333,2473.333333
4.627681,6.217652,8.014224,12.241447,5.109340,0.000000,0.000000,0.000000,10.100791,8.632048,5.586955,5.110948,11.752436,8.294505,5.942064,4.562710,90.930669,-659.938680,-742.736002,5553.333333,2520.000000,2473.333333
4.627254,6.229281,8.067361,12.285347,5.038097,0.000000,0.000000,0.000000,10.217123,8.582967,5.601770,4.933501,12.008200,8.469673,6.142681,4.557464,90.768002,-660.426676,-743.223999,5833.333333,2333.333333,2380.000000
4.646104,6.196249,8.105781,12.285921,5.098429,0.000000,0.000000,0.000000,10.385455,8.563610,5.642460,4.769658,12.491248,8.773590,6.393943,4.562338,89.954669,-659.938680,-744.362671,5833.333333,2193.333333,2333.333333
4.595264,6.086686,7.926975,12.275030,5.176682,0.000000,0.000000,0.000000,10.392785,8.487775,5.616023,4.706975,12.651085,8.847946,6.385677,4.637322,91.581334,-658.637349,-743.386658,6113.333333,2240.000000,2240.000000
4.582836,6.060004,7.848776,12.175714,5.148304,0.000000,0.000000,0.000000,10.358233,8.409632,5.610246,4.750710,12.515378,8.725274,6.283000,4.558050,89.792000,-661.077331,-743.061340,6160.000000,2193.333333,2146.666667
4.578414,6.112691,7.869285,12.108833,5.187791,0.000000,0.000000,0.000000,10.326070,8.357315,5.661460,4.745761,12.317167,8.586281,6.195307,4.468992,89.141335,-660.101339,-744.037333,6113.333333,2193.333333,2006.666667
4.662134,6.110791,7.896045,12.161776,5.180144,0.000000,0.000000,0.000000,10.292901,8.350550,5.677367,4.783045,12.294665,8.600435,6.227149,4.521781,89.954668,-661.077352,-743.386678,6206.666667,2053.333333,1820.000000
4.814695,6.151955,8.104286,12.316832,5.155908,0.000000,0.000000,0.000000,10.260811,8.327335,5.744681,4.903592,12.217779,8.631545,6.334325,4.597418,91.255999,-660.263997,-743.386678,6206.666667,2240.000000,1680.000000
4.897803,6.249822,8.342297,12.453938,5.159736,0.000000,0.000000,0.000000,10.389386,8.438070,5.918206,4.958258,12.291383,8.769596,6.510312,4.704616,89.954669,-660.263997,-742.248027,5973.333333,1960.000000,1493.333333
4.873983,6.190968,8.355210,12.416318,5.147945,0.000000,0.000000,0.000000,10.486823,8.425435,5.918005,4.964537,12.564251,8.889721,6.525885,4.799900,90.442667,-659.613342,-742.573344,6020.000000,1726.666667,1353.333333
4.898502,6.163014,8.411151,12.325345,5.110763,0.000000,0.000000,0.000000,10.462747,8.399021,5.912807,4.964158,12.559867,8.867218,6.515275,4.788139,89.304001,-661.565328,-744.037333,6113.333333,1586.666667,1260.000000
4.932606,6.114864,8.482937,12.356117,5.125704,0.000000,0.000000,0.000000,10.364841,8.263555,5.879997,4.966255,12.426842,8.769809,6.359065,4.779228,89.466667,-662.053345,-744.200012,6113.333333,1353.333333,1026.666667
4.957368,6.123699,8.689577,12.455867,5.109986,0.000000,0.000000,0.000000,10.453604,8.295080,5.908401,4.924005,12.422066,8.797588,6.292530,4.687646,89.629333,-661.890686,-747.128011,6440.000000,1353.333333,980.000000
4.922230,6.127540,8.716505,12.636119,5.066636,0.000000,0.000000,0.000000,10.537686,8.373960,5.966285,4.923840,12.554389,8.881350,6.286962,4.723246,91.744000,-662.866659,-744.525329,6533.333333,1540.000000,840.000000
4.960854,6.287788,8.792139,12.859851,5.210609,0.000000,0.000000,0.000000,10.851186,8.579371,6.103273,5.001123,12.921491,9.057715,6.333264,4.735195,90.442667,-663.029338,-743.386678,7000.000000,1260.000000,700.000000
5.017474,6.375863,9.127273,12.977924,5.207123,0.000000,0.000000,0.000000,11.103535,8.789100,6.157578,5.046775,13.244550,9.141710,6.360496,4.739135,91.256002,-664.330668,-743.061340,7326.666667,1400.000000,606.666667
5.037252,6.395327,9.461174,12.959174,5.179680,0.000000,0.000000,0.000000,11.104899,8.796811,6.134211,5.061577,13.252193,9.098457,6.268999,4.653749,91.743998,-663.842672,-743.386678,7466.666667,1120.000000,420.000000
5.080645,6.424123,9.478889,13.019442,5.272900,0.000000,0.000000,0.000000,11.120432,8.818103,6.189553,5.112416,13.339315,9.222125,6.363424,4.743925,91.418668,-663.354675,-742.573324,7886.666667,1306.666667,373.333333
5.113668,6.456926,9.450721,13.020939,5.229404,0.000000,0.000000,0.000000,11.222244,8.928015,6.262291,5.182285,13.365015,9.249020,6.397511,4.810341,91.744003,-662.704000,-745.501343,8213.333333,1633.333333,420.000000
5.111710,6.375305,9.308535,12.805465,5.191430,0.000000,0.000000,0.000000,11.260096,8.978303,6.291009,5.111255,13.768578,9.487300,6.382093,4.919039,91.093335,-662.216003,-743.061340,8493.333333,1680.000000,420.000000
5.112278,6.372647,9.339589,12.804109,5.172763,0.000000,0.000000,0.000000,11.619833,9.152667,6.361158,4.998377,14.457377,9.954854,6.456142,4.993699,92.394667,-661.565348,-746.639994,8773.333333,2006.666667,420.000000
5.128224,6.362168,9.309417,12.805467,5.170600,0.000000,0.000000,0.000000,11.678950,9.164437,6.357523,4.926250,14.624126,10.037005,6.469639,4.984467,92.557335,-662.378662,-747.453329,9006.666667,2380.000000,513.333333
5.139266,6.461888,9.444714,12.722768,5.169766,0.000000,0.000000,0.000000,11.773110,9.296805,6.435610,5.013489,14.694616,10.122608,6.477929,4.967315,93.208003,-661.077352,-746.802673,9146.666667,2613.333333,513.333333
5.174643,6.654844,9.604197,12.821602,5.191530,0.000000,0.000000,0.000000,11.955789,9.462739,6.565231,5.111598,14.707633,10.157067,6.467005,5.031950,92.069333,-661.565328,-748.754679,9380.000000,2986.666667,700.000000
5.215458,6.703404,9.605810,12.853104,5.171627,0.000000,0.000000,0.000000,11.945088,9.469865,6.603946,5.180578,14.728644,10.135248,6.409901,5.027752,92.557335,-661.728007,-750.218669,9753.333333,3360.000000,793.333333
5.214807,6.640107,9.650524,12.796690,5.176642,0.000000,0.000000,0.000000,12.009402,9.459125,6.565888,5.177857,15.035873,10.186641,6.311065,5.005710,92.557333,-658.637329,-749.730693,10220.000000,3546.666667,1120.000000
5.261173,6.643607,9.928948,12.956977,5.133954,0.000000,0.000000,0.000000,12.329442,9.552801,6.553253,5.182054,15.635014,10.391359,6.397174,4.999415,93.207999,-659.938680,-750.869344,10500.000000,3826.666667,1306.666667
5.348334,6.646422,10.108773,12.961062,5.109007,0.000000,0.000000,0.000000,12.515369,9.631071,6.520514,5.178278,16.103755,10.554928,6.507171,5.048857,94.021336,-660.426676,-751.845357,11106.666667,4013.333333,1680.000000
5.483722,6.671095,10.117418,12.980050,5.181933,0.000000,0.000000,0.000000,12.555112,9.623138,6.495278,5.177093,16.324195,10.634990,6.594223,5.200014,94.509336,-660.589335,-752.658671,11340.000000,4293.333333,1866.666667
5.511562,6.749563,10.205522,13.007556,5.209179,0.000000,0.000000,0.000000,12.558687,9.612918,6.504807,5.081901,16.377647,10.649463,6.607653,5.206976,95.485334,-663.354675,-750.056010,11946.666667,4620.000000,2193.333333
5.573580,6.798424,10.369978,13.017432,5.219898,0.000000,0.000000,0.000000,12.549015,9.642415,6.506314,5.227417,16.441629,10.687191,6.684196,5.225356,95.485334,-664.330688,-751.845337,12693.333333,5040.000000,2613.333333
5.649406,6.798698,10.416636,13.015211,5.250570,0.000000,0.000000,0.000000,12.613459,9.627045,6.492899,5.255065,16.745668,10.800714,6.846959,5.273395,94.672001,-665.144023,-749.893331,13253.333333,5600.000000,2893.333333
5.658045,6.666225,10.549969,13.008324,5.197607,0.000000,0.000000,0.000000,12.717482,9.684843,6.484445,5.217491,17.318339,11.043908,7.113609,5.364974,96.136002,-664.981344,-749.568013,14186.666667,5926.666667,3080.000000
5.730766,6.635359,10.939985,13.103482,5.202293,0.000000,0.000000,0.000000,13.252373,9.938618,6.634304,5.320784,18.025948,11.357498,7.468833,5.451122,97.112002,-666.770671,-749.893331,14840.000000,6440.000000,3453.333333
5.774548,6.809877,11.092301,13.138600,5.280845,0.000000,0.000000,0.000000,13.503580,10.039764,6.756416,5.449657,18.248797,11.413610,7.545589,5.423012,97.925334,-667.584005,-748.429321,15866.666667,6720.000000,3686.666667
5.701928,6.775355,10.945301,12.926098,5.253612,0.000000,0.000000,0.000000,13.369690,9.907332,6.751817,5.531611,18.111053,11.312850,7.473480,5.426478,100.528002,-665.957337,-747.453328,17173.333333,7046.666667,4060.000000
5.639258,6.857870,10.930522,12.957092,5.268509,0.000000,0.000000,0.000000,13.524193,10.002367,6.895840,5.775098,18.504888,11.542563,7.543587,5.526505,101.504000,-664.818665,-745.989339,17920.000000,7606.666667,4246.666667
5.586476,6.921117,10.947058,13.320307,5.262785,0.000000,0.000000,0.000000,13.826685,10.140559,7.077865,5.882217,19.130177,11.927618,8.003631,5.662302,101.504000,-664.330668,-747.941345,18620.000000,7840.000000,4293.333333
5.614284,6.864242,11.088574,13.464169,5.256843,0.000000,0.000000,0.000000,13.719388,10.096773,7.042088,5.888185,19.255983,12.012297,8.080329,5.653544,103.944000,-664.981323,-747.290690,19226.666667,7793.333333,4526.666667
5.755880,6.818472,11.417636,13.327291,5.464579,0.000000,0.000000,0.000000,13.717527,10.075672,7.031269,5.871619,19.217128,11.973966,8.084346,5.716203,104.594668,-665.144002,-749.080017,19180.000000,7933.333333,4526.666667
5.793519,6.827013,11.474129,13.261061,5.507571,0.000000,0.000000,0.000000,13.732177,10.034521,6.989443,5.832499,19.205869,11.923717,8.103859,5.664131,103.781334,-667.421326,-749.079997,19320.000000,8120.000000,4526.666667
5.793288,6.923879,11.451687,13.529107,5.476897,0.000000,0.000000,0.000000,13.850445,9.946162,6.963396,5.772668,19.220709,11.943966,8.178932,5.714338,102.317334,-667.909342,-748.754679,20160.000000,8213.333333,4853.333333
5.783360,7.205444,11.458826,13.743060,5.591739,0.000000,0.000000,0.000000,13.980819,10.018321,7.201750,5.921361,19.259390,12.092316,8.260529,5.845013,102.317334,-669.048015,-751.519999,21233.333333,8586.666667,5133.333333
5.808047,7.654915,11.850094,14.368211,5.840620,0.000000,0.000000,0.000000,14.468471,10.402859,7.721521,6.146894,19.442251,12.328664,8.356513,5.869960,102.480001,-669.861348,-752.658691,22166.666667,9520.000000,5226.666667
5.955195,7.990905,12.321886,15.086886,6.099895,0.000000,0.000000,0.000000,14.909112,10.741148,8.115655,6.340072,19.724621,12.613254,8.549495,5.930887,101.016001,-670.674662,-753.797343,22446.666667,10453.333333,5226.666667
6.134393,8.205294,12.529380,15.887961,6.258612,0.000000,0.000000,0.000000,15.435550,11.172196,8.434691,6.509017,20.331583,13.132076,8.895262,6.055998,100.853335,-668.397318,-753.960022,23240.000000,10826.666667,5180.000000
6.338221,8.578647,12.902555,16.616516,6.483859,0.000000,0.000000,0.000000,16.062069,11.716100,8.831337,6.752326,20.841275,13.603780,9.222781,6.190744,102.642667,-667.258667,-753.309326,23753.333333,11246.666667,5086.666667
6.501940,8.858322,13.273096,16.632636,6.697026,0.000000,0.000000,0.000000,16.183860,11.877804,9.023458,6.995304,20.664861,13.553632,9.364249,6.274511,101.504000,-664.818685,-754.285340,25013.333333,11760.000000,4946.666667
6.675678,9.002845,13.393613,16.043326,6.922115,0.000000,0.000000,0.000000,15.901859,11.818922,9.120371,7.258574,20.225049,13.389826,9.636030,6.438955,99.389333,-663.517354,-752.658671,25853.333333,12133.333333,4760.000000
7.012943,8.903311,13.280930,15.596883,7.082936,0.000000,0.000000,0.000000,15.605660,11.559542,9.053741,7.304848,20.077755,13.311667,9.700627,6.525713,100.202665,-663.354675,-750.381348,26553.333333,11993.333333,4573.333333
7.261766,8.899913,13.177332,15.771231,7.373693,0.000000,0.000000,0.000000,15.680131,11.511568,9.036678,7.330507,20.122409,13.299023,9.652966,6.591485,99.714666,-661.077332,-746.152018,27440.000000,12180.000000,4293.333333
7.263426,8.895963,13.191861,15.866399,7.452365,0.000000,0.000000,0.000000,15.740355,11.530270,9.017196,7.341242,20.262986,13.367519,9.588053,6.613839,98.901337,-660.264018,-745.176005,27720.000000,12040.000000,4153.333333
7.254434,8.950914,13.419590,17.052321,7.406686,0.000000,0.000000,0.000000,16.498794,11.880010,9.160100,7.390004,21.058772,13.899919,9.915247,6.746301,98.576004,-658.637329,-745.501343,27626.666667,11713.333333,4106.666667
7.287929,9.203953,14.023435,18.081279,7.465006,0.000000,0.000000,0.000000,17.176582,12.335723,9.440979,7.551102,21.645598,14.422789,10.532297,7.008719,94.834668,-655.872009,-742.410685,27393.333333,11246.666667,4153.333333
7.276538,9.186798,14.360173,18.186292,7.442254,0.000000,0.000000,0.000000,17.220076,12.392373,9.442539,7.549246,21.670612,14.461555,10.613366,7.071919,93.858669,-657.823995,-740.783997,26600.000000,10920.000000,4153.333333
7.314768,9.201600,14.647967,18.191585,7.398660,0.000000,0.000000,0.000000,17.194373,12.445760,9.429182,7.567560,21.706767,14.486153,10.617138,7.095350,91.581334,-658.312012,-739.645345,25293.333333,10546.666667,4293.333333
7.404299,9.308663,14.742717,18.157090,7.442824,0.000000,0.000000,0.000000,17.279842,12.584517,9.435880,7.544089,21.846590,14.542154,10.598116,7.175348,90.930667,-661.728007,-736.392009,23940.000000,10640.000000,4386.666667
7.520766,9.285708,14.775411,18.178394,7.453648,0.000000,0.000000,0.000000,17.347448,12.565746,9.408449,7.480618,22.003929,14.640263,10.547749,7.207875,89.304002,-661.402669,-737.855998,22213.333333,10640.000000,4713.333333
7.762370,9.345671,15.462401,18.518797,7.432847,0.000000,0.000000,0.000000,17.639567,12.643305,9.494909,7.617617,22.231444,14.845786,10.510597,7.205979,89.141335,-665.631999,-738.344015,20253.333333,10826.666667,4900.000000
7.915782,9.432868,16.269608,18.766983,7.522018,0.000000,0.000000,0.000000,17.821257,12.799512,9.684859,7.714941,22.254157,14.941300,10.518894,7.170214,88.002667,-667.421346,-732.162659,18946.666667,11153.333333,5180.000000
7.991337,9.415678,17.063784,18.812555,7.635894,0.000000,0.000000,0.000000,18.022196,12.900613,9.730270,7.704165,22.415591,15.009028,10.514541,7.173819,87.840000,-667.258687,-729.722677,17546.666667,11760.000000,5600.000000
8.256032,9.509099,17.082259,18.903405,7.977752,0.000000,0.000000,0.000000,18.062170,12.936076,10.006568,7.839897,22.526349,15.101837,10.788801,7.331070,87.189336,-667.746663,-728.096008,16566.666667,12553.333333,5833.333333
8.596461,9.567087,16.931723,18.851468,8.254780,0.000000,0.000000,0.000000,18.033973,12.942724,10.345074,7.989533,22.527751,15.178323,10.909911,7.419436,88.002666,-668.397339,-722.728007,15446.666667,13580.000000,6113.333333
8.767274,9.575487,16.844048,18.676589,8.508108,0.000000,0.000000,0.000000,17.936829,12.868055,10.503689,8.063282,22.474863,15.171727,11.040128,7.454076,87.189335,-668.072001,-721.914673,14653.333333,14606.666667,6206.666667
8.838415,9.492639,16.972666,18.395445,8.475452,0.000000,0.000000,0.000000,17.887178,12.821324,10.645846,8.156536,22.562937,15.233280,11.055725,7.678122,88.490667,-669.210653,-718.986674,13580.000000,15260.000000,6113.333333
8.867265,9.454221,17.343721,18.216898,8.516008,0.000000,0.000000,0.000000,18.080869,12.866540,10.737404,8.229710,22.856798,15.404908,11.153637,7.818256,86.050668,-667.258687,-718.335998,11946.666667,15820.000000,5926.666667
8.878441,9.469258,17.842850,18.361349,8.598362,0.000000,0.000000,0.000000,18.142289,12.919419,10.801490,8.280645,22.872380,15.441800,11.246482,7.852019,88.328002,-667.909343,-716.058675,10360.000000,16100.000000,5600.000000
8.911330,9.572734,18.528914,18.636279,8.605599,0.000000,0.000000,0.000000,18.338192,13.102466,10.936042,8.291561,22.886457,15.419422,11.255598,7.809426,87.677334,-667.583984,-718.661357,8913.333333,16193.333333,5273.333333
8.939976,9.663645,19.035588,18.696637,8.685722,0.000000,0.000000,0.000000,18.419814,13.186330,11.054997,8.307453,22.932404,15.461580,11.309939,7.786543,89.629335,-669.373332,-718.498678,7373.333333,15726.666667,4760.000000
8.972498,9.674583,19.163404,18.697140,8.784003,0.000000,0.000000,0.000000,18.595094,13.235877,11.097866,8.333601,23.070923,15.518283,11.350127,7.827591,89.466669,-674.416016,-721.589355,6673.333333,15540.000000,4340.000000
9.053858,9.747265,19.258434,19.316071,9.017908,0.000000,0.000000,0.000000,18.500057,13.218100,11.138194,8.332775,23.092622,15.571277,11.425758,8.045004,90.117334,-675.392008,-720.613342,5740.000000,15680.000000,3920.000000
9.224850,10.083925,19.558467,21.280774,9.305226,0.000000,0.000000,0.000000,18.689327,13.343620,11.226705,8.330131,23.013558,15.583191,11.492180,8.089787,90.605334,-674.741353,-722.728007,4946.666667,15586.666667,3733.333333
9.397459,10.291076,19.623865,22.330298,9.505534,0.000000,0.000000,0.000000,19.115993,13.676638,11.322998,8.347725,23.332555,15.773732,11.584008,8.154963,92.882668,-673.114664,-722.728007,4340.000000,15353.333333,3173.333333
9.490075,10.352475,19.716823,22.478840,9.599771,0.000000,0.000000,0.000000,19.199295,13.761059,11.324930,8.343743,23.407219,15.820950,11.636588,8.167826,94.509335,-674.253336,-724.679993,3360.000000,15120.000000,2660.000000
9.517816,10.351060,19.799963,22.445214,9.642447,0.000000,0.000000,0.000000,19.213242,13.799406,11.352402,8.394997,23.398360,15.833454,11.679186,8.181520,95.485335,-674.415995,-723.866679,2380.000000,14186.666667,1960.000000
9.511247,10.347671,19.873176,22.425340,9.622903,0.000000,0.000000,0.000000,19.190306,13.792224,11.430034,8.446202,23.266397,15.947376,11.728717,8.223286,94.021333,-675.717346,-725.818685,1306.666667,13626.666667,1120.000000
9.509892,10.386489,19.814996,22.340615,9.653674,0.000000,0.000000,0.000000,19.122604,13.770727,11.468047,8.496829,23.214468,16.151634,11.824088,8.328303,94.509333,-674.416016,-726.306681,373.333333,12973.333333,466.666667
9.471981,10.380862,19.756764,22.365950,9.719810,0.000000,0.000000,0.000000,19.271246,13.855298,11.523174,8.578556,23.512118,16.516674,12.024146,8.479870,96.136002,-668.885335,-724.029358,-466.666667,11620.000000,-280.000000
9.426043,10.348937,19.836162,22.397397,9.748753,0.000000,0.000000,0.000000,19.267683,13.880523,11.613046,8.602976,23.527736,16.647407,12.066178,8.480811,96.949334,-670.837362,-724.029338,-1680.000000,10500.000000,-746.666667
9.477229,10.292798,19.881662,22.552275,9.725164,0.000000,0.000000,0.000000,19.265622,13.883841,11.727389,8.673885,23.490129,16.622900,12.036526,8.502577,97.762667,-671.000020,-727.770671,-4013.333333,9706.666667,-1540.000000
9.497127,10.310410,19.847415,23.202145,9.735924,0.000000,0.000000,0.000000,19.414919,13.982240,11.862763,8.776503,23.628870,16.762626,12.187981,8.674975,94.346668,-667.258667,-730.698669,-5833.333333,8633.333333,-2473.333333
9.465297,10.449280,19.863496,23.993324,9.882375,0.000000,0.000000,0.000000,19.577041,14.148042,11.942345,8.823128,23.903451,17.103068,12.394472,8.804911,95.160003,-668.072001,-728.909363,-6533.333333,7560.000000,-2846.666667
9.624962,10.798205,19.968152,24.791998,10.188811,0.000000,0.000000,0.000000,19.855096,14.338759,12.054238,8.917893,23.788000,17.228518,12.452888,8.833361,98.088000,-668.234680,-730.536011,-7233.333333,6766.666667,-3220.000000
10.141720,11.326033,20.321664,25.486223,10.668299,0.000000,0.000000,0.000000,20.361732,14.889587,13.177563,9.591944,24.106863,17.742243,13.377548,9.522420,98.413338,-670.674682,-729.234660,-7513.333333,6580.000000,-3593.333333
10.212733,11.313214,20.412944,25.686945,10.675354,0.000000,0.000000,0.000000,20.527455,15.076349,13.573615,9.777078,24.174871,17.887050,13.587497,9.748008,98.250666,-668.559997,-729.560018,-8073.333333,6300.000000,-4200.000000
10.296603,11.341148,20.412686,25.720259,10.714245,0.000000,0.000000,0.000000,20.509775,15.084399,13.570952,9.871834,24.197689,17.927490,13.565077,9.872184,94.346670,-665.631999,-726.957357,-8446.666667,6066.666667,-4246.666667
10.397146,11.361349,20.399977,25.907639,10.804247,0.000000,0.000000,0.000000,20.452252,15.000592,13.467857,9.825953,24.055393,17.811342,13.518739,9.833068,94.346667,-664.005330,-723.216004,-7560.000000,5740.000000,-4340.000000
10.540360,11.397088,20.499162,25.704340,10.868270,0.000000,0.000000,0.000000,20.477681,15.011684,13.378196,9.839541,23.842709,17.674734,13.278255,9.862027,95.973335,-664.656006,-721.426697,-6766.666667,5740.000000,-4060.000000
10.576227,11.387837,20.354443,25.665079,10.865304,0.000000,0.000000,0.000000,20.461526,15.011290,13.415503,9.840356,23.680913,17.590883,13.202360,9.848028,96.135999,-663.354675,-719.149333,-7326.666667,5646.666667,-4060.000000
10.523517,11.542182,20.320712,26.268389,10.762841,0.000000,0.000000,0.000000,20.708363,15.231705,13.585756,9.941110,23.703134,17.626918,13.271792,9.838237,96.786667,-662.704000,-716.709330,-7560.000000,5646.666667,-4200.000000
10.516157,11.663262,20.454480,26.369394,10.834519,0.000000,0.000000,0.000000,20.917912,15.388713,13.635242,9.979800,23.833411,17.720553,13.277854,9.899507,95.973335,-659.288025,-717.197347,-8400.000000,5553.333333,-4526.666667
10.537706,11.764071,20.695200,26.220448,10.918446,0.000000,0.000000,0.000000,21.176723,15.694170,13.703533,9.999049,24.207598,17.938317,13.326348,9.957709,97.925334,-662.704000,-717.034668,-9380.000000,5366.666667,-4620.000000
10.513411,11.561746,20.679654,26.122608,10.858549,0.000000,0.000000,0.000000,21.267039,15.701590,13.529565,9.881133,24.593077,18.014239,13.343391,9.895217,98.413335,-662.866679,-718.661357,-10220.000000,5086.666667,-4620.000000
10.440061,11.210080,20.504583,25.763211,10.686828,0.000000,0.000000,0.000000,21.028954,15.436278,13.112610,9.741962,24.529652,17.834311,13.190063,9.850875,98.413335,-667.258687,-720.776001,-11060.000000,4900.000000,-4806.666667
10.353069,11.035484,20.210857,25.424168,10.679546,0.000000,0.000000,0.000000,20.784847,15.260034,12.916746,9.632580,24.389901,17.722348,13.106062,9.804758,98.576001,-665.632019,-721.589335,-11713.333333,4713.333333,-4713.333333
10.240146,10.889593,20.126887,25.023038,10.587048,0.000000,0.000000,0.000000,20.450419,15.028705,12.783047,9.509687,23.937037,17.430135,12.964800,9.746213,99.389333,-668.397339,-722.728007,-11760.000000,4713.333333,-4666.666667
10.119400,10.635861,19.990297,24.923598,10.534103,0.000000,0.000000,0.000000,20.089322,14.668125,12.553046,9.336771,23.599722,17.161537,12.840340,9.697440,99.552002,-667.746664,-724.192016,-11713.333333,4666.666667,-4713.333333
10.040391,10.458156,19.822501,24.889853,10.474761,0.000000,0.000000,0.000000,19.920945,14.506312,12.441783,9.174347,23.569314,17.133008,12.728406,9.667853,99.877335,-668.234680,-722.565328,-11900.000000,4946.666667,-4666.666667
9.928738,10.341034,19.736816,24.886025,10.352377,0.000000,0.000000,0.000000,19.896793,14.425002,12.363675,8.992147,23.614654,17.154980,12.450314,9.605836,98.576001,-670.349345,-724.679992,-11853.333333,4993.333333,-4666.666667
9.698923,10.388318,19.874234,25.046198,10.272420,0.000000,0.000000,0.000000,20.033035,14.553074,12.365300,8.969952,23.795507,17.339834,12.383643,9.629443,98.413335,-670.837321,-726.144002,-11760.000000,5180.000000,-4526.666667
9.497334,10.424287,19.921213,25.068189,10.050710,0.000000,0.000000,0.000000,20.177678,14.720407,12.464843,8.939647,23.914255,17.394192,12.450048,9.585225,99.389336,-673.114665,-724.192017,-12226.666667,5273.333333,-4433.333333
9.540050,10.478262,20.221579,25.204200,9.975364,0.000000,0.000000,0.000000,20.460781,14.916108,12.547280,8.923192,23.936745,17.382752,12.537517,9.557871,99.226667,-672.952006,-724.842672,-12040.000000,4946.666667,-4386.666667
9.681661,10.542464,20.404943,24.435284,10.019394,0.000000,0.000000,0.000000,20.099134,14.862721,12.512497,8.865598,23.399812,17.093857,12.382702,9.446637,97.437335,-673.927999,-724.029338,-11853.333333,4713.333333,-4153.333333
9.784473,10.391964,20.056489,23.704566,9.910125,0.000000,0.000000,0.000000,19.535312,14.647268,12.507698,8.737874,22.863734,16.754823,12.211661,9.255941,99.064001,-675.717326,-723.541341,-11760.000000,4340.000000,-3826.666667
9.897625,10.579503,19.859560,23.817024,9.903164,0.000000,0.000000,0.000000,20.363258,15.365428,12.986627,8.858881,23.890914,17.397060,12.149747,9.397242,101.016001,-677.181335,-722.565348,-11620.000000,3966.666667,-3593.333333
9.989631,10.698136,19.761092,23.857885,9.914845,0.000000,0.000000,0.000000,20.668631,15.627822,13.118045,8.889651,24.052550,17.512453,12.153594,9.418058,99.714668,-680.759989,-723.378662,-11526.666667,3686.666667,-3266.666667
9.981005,10.740869,19.717979,24.118603,10.121070,0.000000,0.000000,0.000000,20.747085,15.635312,13.179203,8.933893,24.221860,17.621390,12.259837,9.428902,100.040001,-680.760010,-725.005351,-11433.333333,3546.666667,-2986.666667
9.892250,10.841776,19.726824,24.147059,10.304417,0.000000,0.000000,0.000000,21.215732,16.044123,13.321756,8.936951,24.854628,17.972157,12.616554,9.495633,101.178668,-679.458679,-726.469360,-11200.000000,3500.000000,-2753.333333
9.693937,10.894900,19.235540,24.132771,10.475270,0.000000,0.000000,0.000000,21.049380,16.173681,13.314209,8.800867,25.059715,18.060198,12.909769,9.587678,99.714668,-680.109355,-726.306681,-11666.666667,3266.666667,-2473.333333
9.580819,10.952460,18.733102,24.420521,10.479942,0.000000,0.000000,0.000000,20.890833,16.136987,13.254913,8.713348,24.906726,18.007800,13.089930,9.633551,102.968000,-677.018676,-728.909343,-11806.666667,2566.666667,-2333.333333
9.536507,10.970540,17.957135,24.497220,10.424932,0.000000,0.000000,0.000000,20.766445,16.085752,13.225861,8.784511,24.877576,18.128850,13.380685,9.758723,101.504001,-673.440003,-727.933350,-11526.666667,2053.333333,-2100.000000
9.333367,10.961404,18.053347,24.434281,10.374274,0.000000,0.000000,0.000000,20.853749,16.109101,13.013359,8.714742,25.048389,18.174546,13.303107,9.693697,101.666667,-670.674662,-729.234680,-11153.333333,1913.333333,-1913.333333
9.052932,10.956369,18.146797,24.524613,10.278607,0.000000,0.000000,0.000000,20.890685,16.065962,12.694611,8.583189,25.162512,18.118201,13.199540,9.655137,101.504000,-669.048014,-730.373352,-10873.333333,1866.666667,-1866.666667
9.122728,11.232552,18.427172,24.847328,10.168001,0.000000,0.000000,0.000000,21.062304,16.375468,12.701022,8.632727,25.176619,18.120139,13.208195,9.693893,100.040001,-667.096008,-730.536011,-10920.000000,1866.666667,-1913.333333
9.264426,11.614725,18.646295,25.219452,10.218643,0.000000,0.000000,0.000000,21.249984,16.786750,12.780311,8.638748,25.022444,18.063578,13.319124,9.539816,102.480001,-668.722677,-731.837341,-11153.333333,1166.666667,-2146.666667
9.327408,11.816050,18.151675,25.466672,10.284261,0.000000,0.000000,0.000000,21.109428,16.868905,12.827941,8.591720,24.649945,17.915440,13.240047,9.379970,101.341334,-668.559998,-732.813354,-11760.000000,420.000000,-2613.333333
9.381716,12.028955,17.648474,25.608172,10.331179,0.000000,0.000000,0.000000,21.194134,17.003937,12.932825,8.556122,24.692582,17.932210,13.196655,9.398821,101.178665,-671.488017,-737.856018,-12086.666667,-280.000000,-2800.000000
9.397374,12.107508,17.379103,25.719647,10.329750,0.000000,0.000000,0.000000,21.377820,17.133385,13.049436,8.516927,24.978460,18.107082,13.219758,9.449389,102.154668,-674.253336,-736.880005,-12040.000000,-793.333333,-3080.000000
9.404743,12.079650,17.094208,25.686230,10.276806,0.000000,0.000000,0.000000,21.442790,17.209945,13.161250,8.513518,25.088927,18.167240,13.355883,9.503435,103.293335,-674.904012,-738.344014,-11946.666667,-1120.000000,-3266.666667
9.414571,12.167316,17.127863,25.814432,10.191180,0.000000,0.000000,0.000000,21.295340,17.133926,13.129066,8.501952,24.857999,18.067795,13.349642,9.463875,102.480001,-674.741353,-740.133342,-11526.666667,-1213.333333,-3453.333333
9.434343,12.375192,17.428459,26.050074,10.169586,0.000000,0.000000,0.000000,21.522304,17.276841,13.204304,8.603138,24.899559,18.119527,13.681377,9.611274,101.341334,-677.506673,-739.320028,-10686.666667,-1026.666667,-3593.333333
9.337902,12.361743,17.315684,25.338760,10.082246,0.000000,0.000000,0.000000,21.758608,17.507504,13.429089,8.744839,25.344565,18.542889,14.244152,9.934521,101.829335,-677.018677,-741.109334,-9613.333333,-886.666667,-3406.666667
9.174135,12.349238,17.363697,24.705154,9.917012,0.000000,0.000000,0.000000,21.872233,17.556268,13.516378,8.747156,25.713106,18.856114,14.394869,10.060835,101.341337,-677.994670,-740.784017,-8586.666667,-840.000000,-3220.000000
9.060161,12.321579,17.197878,24.603645,9.779151,0.000000,0.000000,0.000000,22.017621,17.659831,13.697839,8.737989,26.067555,19.087423,14.403826,10.046176,101.016002,-676.205343,-738.181356,-7746.666667,-980.000000,-3033.333333
9.130129,12.597888,17.816521,25.102129,9.800818,0.000000,0.000000,0.000000,22.424306,17.972707,14.117418,8.781988,26.298438,19.177639,14.425032,10.048550,101.666669,-675.717346,-740.133341,-7233.333333,-1026.666667,-2986.666667
9.226463,12.833441,18.399067,25.410807,9.855640,0.000000,0.000000,0.000000,22.643568,18.140545,14.227932,8.786308,26.519222,19.164298,14.410783,10.155629,100.690666,-678.482666,-741.434692,-6626.666667,-1026.666667,-3126.666667
9.261211,12.864171,18.484248,25.761666,9.890553,0.000000,0.000000,0.000000,23.032230,18.390043,14.350611,8.740565,26.841895,19.216775,14.432581,10.140733,99.714668,-675.229329,-739.157348,-5833.333333,-840.000000,-2986.666667
9.424658,13.034544,18.721462,25.882889,9.935854,0.000000,0.000000,0.000000,23.103184,18.463176,14.558229,8.690200,26.557701,18.993427,14.425529,10.047119,99.064003,-674.090678,-738.181335,-5553.333333,-980.000000,-3080.000000
9.698397,13.365369,19.230752,26.350693,9.985590,0.000000,0.000000,0.000000,23.873188,19.151308,14.986599,8.950182,27.360395,19.550377,14.724273,10.257494,95.973335,-670.349365,-739.320007,-5413.333333,-1493.333333,-3220.000000
9.762918,13.482922,19.267651,26.307431,9.999241,0.000000,0.000000,0.000000,24.186536,19.471513,15.157627,9.034379,27.995156,20.138253,15.128111,10.639649,95.322668,-673.765361,-730.536011,-5320.000000,-2193.333333,-3173.333333
9.724632,13.611000,19.265788,25.975071,10.039035,0.000000,0.000000,0.000000,24.245932,19.501702,15.205573,8.886124,28.038517,20.256840,15.153954,10.786403,95.648003,-673.440023,-734.114665,-4806.666667,-2426.666667,-3220.000000
9.740285,13.641478,19.367743,25.333248,9.964340,0.000000,0.000000,0.000000,24.189288,19.450650,15.225656,8.838726,27.780617,20.038329,14.915709,10.811034,94.997335,-672.464010,-732.976013,-4620.000000,-2473.333333,-3173.333333
9.677824,13.603060,19.298136,25.100602,9.962838,0.000000,0.000000,0.000000,23.884880,19.256482,15.177529,8.744071,27.507780,19.829622,14.686207,10.819776,95.485334,-669.861349,-733.301351,-4293.333333,-2566.666667,-3220.000000
9.430977,13.616811,19.505424,25.083433,9.502275,0.000000,0.000000,0.000000,23.528374,18.910663,14.383656,8.063009,26.763046,19.196519,13.707015,10.287557,95.160001,-670.186686,-731.349345,-4293.333333,-2660.000000,-3173.333333
9.591209,13.856862,19.963745,25.208242,9.560255,0.000000,0.000000,0.000000,23.654110,18.993802,14.052733,7.822413,26.929372,19.168262,13.450101,10.248982,96.461332,-671.650675,-727.608032,-4246.666667,-2706.666667,-3080.000000
9.700385,13.994010,20.346725,25.461763,9.749901,0.000000,0.000000,0.000000,23.694455,19.046482,14.116358,7.642303,26.934136,19.131139,13.449246,10.193649,96.624001,-672.301331,-727.282674,-4666.666667,-2846.666667,-2940.000000
9.841342,14.206449,20.831783,25.907470,9.839224,0.000000,0.000000,0.000000,23.832943,19.163703,14.422925,7.623073,27.031315,19.277110,13.467659,10.200556,97.762667,-673.277344,-726.144003,-5366.666667,-3266.666667,-2846.666667
9.971242,14.471425,21.373685,26.678279,10.028944,0.000000,0.000000,0.000000,24.110881,19.373169,14.851285,7.592305,26.990323,19.401453,13.548398,10.153163,99.064003,-676.205343,-727.933329,-5786.666667,-3826.666667,-2706.666667
9.994005,14.567637,21.509802,26.652684,10.146698,0.000000,0.000000,0.000000,24.212887,19.442213,15.065124,7.644290,27.058318,19.534654,13.608543,10.286391,97.274668,-675.554667,-724.192017,-5926.666667,-4386.666667,-2380.000000
10.105188,14.725900,21.568476,27.119976,10.188144,0.000000,0.000000,0.000000,24.438774,19.493040,15.240566,7.619046,27.401566,19.875531,13.909393,10.459095,98.738668,-675.392008,-719.312012,-6533.333333,-5180.000000,-2193.333333
10.366954,14.927850,21.657178,27.914182,10.266900,0.000000,0.000000,0.000000,24.579386,19.594999,15.486079,7.714360,27.400659,19.957175,14.118543,10.507632,95.648003,-674.090657,-712.480001,-7466.666667,-6300.000000,-2146.666667
10.439907,14.851050,21.466185,28.152296,10.215114,0.000000,0.000000,0.000000,24.491909,19.496005,15.566725,7.740632,27.186595,19.822701,14.212414,10.521360,94.021334,-669.210693,-703.208008,-9426.666667,-7700.000000,-2473.333333
10.469200,14.865689,21.481183,28.101570,10.198277,0.000000,0.000000,0.000000,24.327226,19.425205,15.537928,7.740538,26.814048,19.641817,14.247593,10.609844,91.581334,-668.722677,-691.170675,-12553.333333,-9613.333333,-3266.666667
10.515443,14.877610,21.448471,28.013430,10.267200,0.000000,0.000000,0.000000,24.235221,19.424726,15.504023,7.727741,27.048243,19.763216,14.564741,10.661802,91.906667,-667.746684,-689.381348,-16053.333333,-11806.666667,-4106.666667
10.664077,14.987417,21.689912,28.011024,10.473497,0.000000,0.000000,0.000000,24.265302,19.461449,15.562425,7.799986,27.354420,19.931175,14.864616,10.778558,91.256002,-665.306661,-683.850668,-20346.666667,-14093.333333,-5040.000000
10.861941,15.259525,22.006520,28.144371,10.665635,0.000000,0.000000,0.000000,24.531466,19.639317,15.888184,8.135983,27.553452,20.124268,15.049630,10.840817,86.864002,-664.330668,-670.674683,-23800.000000,-16146.666667,-5786.666667
10.902265,15.248709,21.923892,27.939412,10.671726,0.000000,0.000000,0.000000,24.701570,19.745317,16.152913,8.504935,28.161395,20.583660,15.437699,11.086668,81.496000,-665.144002,-654.733337,-27393.333333,-18200.000000,-6580.000000
11.077774,15.347555,21.856287,28.288812,11.297736,0.000000,0.000000,0.000000,24.818922,19.780680,16.313548,8.670583,28.698130,20.984271,15.879303,11.373352,77.591999,-665.306661,-648.877340,-31780.000000,-20953.333333,-7513.333333
11.122728,15.385574,21.818145,28.462903,11.668120,0.000000,0.000000,0.000000,24.778681,19.766803,16.461930,8.707084,28.679129,21.011038,16.088406,11.364822,88.653334,-672.138672,-678.645345,-39946.666667,-25573.333333,-9380.000000
11.264852,15.643714,21.970917,28.903914,12.185979,0.000000,0.000000,0.000000,24.671292,19.687818,16.508729,8.720060,28.596589,20.882337,16.096454,11.334929,93.695999,-674.741333,-693.122681,-45733.333333,-28140.000000,-10733.333333
11.353215,15.692281,22.353631,29.056976,12.442682,0.000000,0.000000,0.000000,24.457900,19.553015,16.480931,8.857398,28.503046,20.918144,16.387209,11.346922,95.648000,-684.989339,-703.207987,-49840.000000,-28746.666667,-11573.333333
11.464996,15.756848,22.677542,29.825238,12.593455,0.000000,0.000000,0.000000,24.533396,19.627877,16.511015,9.093402,28.639727,21.221692,16.444625,11.358167,97.600001,-692.309347,-709.714661,-51240.000000,-29493.333333,-11666.666667
11.448018,15.764215,22.792956,30.162907,12.734836,0.000000,0.000000,0.000000,24.512763,19.556623,16.547029,9.303606,28.882385,21.623054,16.558594,11.481958,96.136001,-693.610657,-703.858683,-50446.666667,-29913.333333,-11480.000000
11.355327,15.726122,22.933728,30.085492,12.820849,0.000000,0.000000,0.000000,24.804851,19.802151,16.697536,9.517521,29.507198,22.189386,16.719900,11.786690,93.858668,-692.472005,-702.720011,-49560.000000,-30380.000000,-11340.000000
11.280110,15.695399,23.251672,29.971373,12.910005,0.000000,0.000000,0.000000,24.489341,19.567118,16.621955,9.563437,29.159289,22.126075,17.248166,12.046491,93.696001,-689.706665,-701.581340,-49373.333333,-30473.333333,-11153.333333
11.220244,15.731313,23.378472,29.991380,12.959120,0.000000,0.000000,0.000000,24.725837,19.905487,16.874212,9.647869,29.475427,22.372338,17.654049,12.139581,91.744001,-682.386678,-708.901347,-48860.000000,-29726.666667,-10780.000000
11.159104,15.644569,23.484276,30.081286,12.957374,0.000000,0.000000,0.000000,24.676448,19.969395,16.940759,9.738664,29.528925,22.625181,17.957202,12.150266,89.629336,-680.597351,-695.074666,-49326.666667,-29493.333333,-10546.666667
11.133201,15.587549,23.590051,30.306480,12.946413,0.000000,0.000000,0.000000,24.255266,19.692372,16.856047,9.885395,29.137065,22.654192,18.042426,12.075461,94.672000,-683.850667,-710.690674,-50866.666667,-30333.333333,-10360.000000
11.235640,15.571484,24.027520,30.459566,12.965204,0.000000,0.000000,0.000000,24.268845,19.589381,16.871321,10.137229,28.883031,22.686097,17.867948,12.176290,95.973335,-683.525350,-721.426677,-51753.333333,-30613.333333,-10453.333333
11.446171,15.810549,24.937274,30.571534,13.036713,0.000000,0.000000,0.000000,25.058836,20.146980,17.221629,10.558742,29.587406,23.332613,18.287367,12.602696,102.480003,-687.917338,-741.922668,-51100.000000,-30193.333333,-10360.000000
11.694905,15.994539,25.399451,30.691366,13.080538,0.000000,0.000000,0.000000,25.564707,20.653955,17.598935,10.881346,30.095014,23.669452,18.633113,12.806462,105.408000,-673.928019,-764.045349,-49746.666667,-29913.333333,-10266.666667
11.880581,16.023472,25.399053,30.759751,13.005274,0.000000,0.000000,0.000000,25.578724,20.728716,17.747273,10.979721,30.281811,23.903147,18.744183,12.946055,110.613335,-620.410685,-830.738688,-47366.666667,-27766.666667,-10266.666667
12.099162,16.036648,25.546175,30.803305,13.091031,0.000000,0.000000,0.000000,25.612110,20.798564,17.857196,11.066141,30.381379,24.051610,18.820885,12.995410,94.021334,-641.231995,-752.333333,-44426.666667,-25013.333333,-9706.666667
12.106250,15.886344,25.548389,30.522842,13.156608,0.000000,0.000000,0.000000,25.516289,20.640162,17.843642,11.002399,30.351638,24.075282,18.844851,12.983970,113.541336,-679.296000,-790.072022,-42420.000000,-21093.333333,-9146.666667
11.969802,15.702931,25.429224,30.234508,13.286589,0.000000,0.000000,0.000000,25.260200,20.292938,17.666933,10.872566,30.543401,24.020760,18.768433,13.011042,108.173335,-713.293335,-774.944011,-38873.333333,-18200.000000,-8213.333333
11.853348,15.535695,25.379397,30.078841,13.270927,0.000000,0.000000,0.000000,25.133636,20.128439,17.559956,10.814986,30.611416,24.002122,18.801144,13.018674,116.794670,-767.624003,-759.490682,-29540.000000,-11993.333333,-7046.666667
11.768252,15.408883,25.297487,29.992585,13.204752,0.000000,0.000000,0.000000,25.113255,20.042543,17.467467,10.822601,30.651551,23.995288,18.849804,12.991630,130.296003,-922.482686,-791.210673,-20673.333333,-8306.666667,-6066.666667
11.764414,15.304793,25.118193,29.837996,13.214355,0.000000,0.000000,0.000000,24.807485,19.782848,17.315874,10.849170,30.396363,23.834986,18.813413,12.967990,86.050668,-720.288004,-738.506673,16706.666667,8260.000000,-746.666667
11.824951,15.293690,25.233488,29.876277,13.241067,0.000000,0.000000,0.000000,24.849683,19.710615,17.226235,10.866597,30.523346,23.887547,18.752673,12.951256,24.562666,-361.608002,-754.448018,31500.000000,7280.000000,-2566.666667
11.954097,15.302825,25.457348,29.819571,13.266049,0.000000,0.000000,0.000000,25.149797,19.973405,17.368665,10.922939,30.768052,24.036541,18.821415,13.039380,87.840002,-523.949341,-845.216003,-2193.333333,-6253.333333,-9940.000000
12.091962,15.229517,25.413684,29.543530,13.187508,0.000000,0.000000,0.000000,24.914095,19.813342,17.370410,10.863701,30.366876,23.785759,18.528095,12.781212,80.520000,-662.216024,-701.743998,-24780.000000,-4946.666667,-7513.333333
12.189662,15.154197,25.320792,28.981948,13.132043,0.000000,0.000000,0.000000,24.786882,19.744301,17.412009,10.831554,30.206928,23.755651,18.110713,12.588505,79.056001,-694.586690,-665.469360,-6906.666667,6533.333333,-326.666667
12.225965,15.021212,25.183957,28.773082,13.106355,0.000000,0.000000,0.000000,24.339920,19.446916,17.324401,10.785039,29.779774,23.451283,17.956974,12.461454,87.514668,-641.557332,-738.832011,-2193.333333,3593.333333,-1540.000000
12.349869,15.092125,25.195980,28.712163,13.222958,0.000000,0.000000,0.000000,24.243387,19.347076,17.166462,10.758346,30.237493,23.453622,18.028440,12.515815,87.352000,-619.109355,-793.162679,-2940.000000,-9380.000000,-6720.000000
12.327017,14.974835,24.704030,28.307378,13.241033,0.000000,0.000000,0.000000,23.906078,19.063081,16.841852,10.680504,30.281397,23.639813,18.142011,12.759981,91.093334,-651.967997,-782.101339,-7046.666667,-13160.000000,-8960.000000
12.276586,14.916646,24.558761,28.271820,13.256823,0.000000,0.000000,0.000000,23.775807,19.010515,16.779049,10.701616,30.468314,23.944143,18.574405,12.802473,99.877332,-658.474691,-775.432027,-7466.666667,-12133.333333,-8680.000000
12.257127,14.871486,24.623266,27.916765,13.207821,0.000000,0.000000,0.000000,23.316222,18.781810,16.664440,10.783160,30.170756,23.825085,18.620069,12.870955,105.733337,-631.309346,-796.741333,-3126.666667,-10033.333333,-7886.666667
12.166514,14.762911,24.596532,27.881494,13.139690,0.000000,0.000000,0.000000,23.216807,18.735241,16.518980,10.779349,30.420229,23.829137,18.540215,12.861192,109.312002,-641.720011,-793.325338,-700.000000,-9240.000000,-8353.333333
11.953836,14.600920,24.591489,27.812176,13.089164,0.000000,0.000000,0.000000,22.859833,18.241416,16.187222,10.535617,29.995842,23.410873,18.344161,12.743637,112.565336,-664.168010,-776.570679,-746.666667,-11246.666667,-8773.333333
11.883679,14.773945,24.894208,28.022727,13.196263,0.000000,0.000000,0.000000,22.832323,18.151500,16.159349,10.476510,29.529051,23.022088,18.192386,12.529027,107.522667,-659.288025,-756.074687,1820.000000,-12180.000000,-7886.666667
11.900872,14.747169,24.993911,27.821796,13.205709,0.000000,0.000000,0.000000,22.718466,18.103175,16.121181,10.492017,29.491469,22.878660,18.236962,12.450588,107.848000,-652.618652,-754.448018,4526.666667,-13673.333333,-7420.000000
11.873412,14.641828,24.919589,27.778897,13.155521,0.000000,0.000000,0.000000,22.692631,18.062537,16.076397,10.484419,29.597852,22.868972,18.283803,12.464603,109.149335,-656.685323,-754.773336,3500.000000,-15773.333333,-7840.000000
11.881620,14.598190,25.145200,27.852625,13.016494,0.000000,0.000000,0.000000,23.006729,18.249671,16.163492,10.522021,29.758328,23.038898,18.348997,12.530341,107.360003,-662.216024,-760.141337,2333.333333,-17033.333333,-7933.333333
11.891724,14.312417,24.620111,27.456160,13.059437,0.000000,0.000000,0.000000,22.660232,18.081661,16.121340,10.568977,29.701324,23.103498,18.406512,12.522031,107.197334,-664.818685,-767.136007,2146.666667,-16846.666667,-7793.333333
11.866189,14.063820,24.107067,27.117965,13.023220,0.000000,0.000000,0.000000,22.125444,17.716799,16.073738,10.583793,29.324563,23.049593,18.382587,12.398808,106.221336,-668.072021,-769.087993,3733.333333,-15540.000000,-7233.333333
11.906690,14.029829,23.916220,27.117741,12.977605,0.000000,0.000000,0.000000,22.183445,17.733633,16.130424,10.636055,29.466306,23.270764,18.505999,12.385662,106.058668,-671.000000,-766.159993,6066.666667,-13906.666667,-6533.333333
11.820478,13.866487,23.611978,26.845609,12.904182,0.000000,0.000000,0.000000,22.174601,17.715556,16.028274,10.604617,29.219259,23.090993,18.455457,12.356858,106.709335,-671.975993,-765.671997,9006.666667,-12460.000000,-5926.666667
11.696780,13.662231,23.070622,26.135542,12.721461,0.000000,0.000000,0.000000,21.699439,17.437407,15.711558,10.586562,29.079190,22.929105,18.465506,12.417499,108.010671,-672.301330,-765.021342,11853.333333,-11480.000000,-5320.000000
11.698915,13.870314,22.931741,26.069806,12.615273,0.000000,0.000000,0.000000,21.578893,17.374016,15.528850,10.589585,29.038025,22.836573,18.467861,12.403936,106.221334,-671.488017,-755.423991,14793.333333,-10360.000000,-4713.333333
11.695532,14.017793,22.695335,24.869437,12.641971,0.000000,0.000000,0.000000,21.052406,17.111678,15.218753,10.541754,28.781339,22.622440,18.275178,12.256918,111.914668,-674.578695,-762.256022,18013.333333,-9240.000000,-4200.000000
11.485375,14.001592,22.583121,24.215372,12.591699,0.000000,0.000000,0.000000,20.687032,16.927430,14.981259,10.446343,28.744480,22.606549,18.190354,12.205977,115.005333,-678.157328,-772.829346,20486.666667,-8680.000000,-3780.000000
11.384905,14.044447,22.847018,24.338761,12.603226,0.000000,0.000000,0.000000,20.519989,16.832619,14.860173,10.404952,28.733289,22.506674,18.065409,12.091102,107.359998,-669.373352,-749.567993,24873.333333,-7000.000000,-2986.666667
11.457384,14.117115,23.123600,24.607266,12.607226,0.000000,0.000000,0.000000,20.651079,16.954109,14.972595,10.444805,28.851550,22.494916,17.947844,12.001742,109.800001,-671.325338,-752.008016,29633.333333,-3733.333333,-1960.000000
11.617563,14.272969,23.255056,24.681488,12.603647,0.000000,0.000000,0.000000,20.671226,16.932992,15.134859,10.524491,28.665062,22.463323,17.710776,11.958454,110.125336,-674.741353,-751.194662,31266.666667,-3780.000000,-1213.333333
11.708243,14.502412,23.072352,24.839524,12.480297,0.000000,0.000000,0.000000,20.955575,17.142362,15.377876,10.648062,28.627389,22.612018,17.513362,11.919330,107.360001,-673.602681,-757.376017,34486.666667,-3126.666667,-466.666667
11.737086,14.703899,22.883747,24.606539,12.317190,0.000000,0.000000,0.000000,20.694444,16.931616,15.111175,10.524532,28.489326,22.622989,17.388977,11.883613,106.384003,-666.933329,-754.447998,37613.333333,-2053.333333,420.000000
11.985335,15.520627,22.922802,24.641675,12.319505,0.000000,0.000000,0.000000,20.445498,16.862306,14.967677,10.515612,27.883408,22.245805,17.034061,11.777523,104.269333,-664.656026,-756.888021,40973.333333,-373.333333,1493.333333
11.933087,15.845015,23.082258,24.258338,11.916687,0.000000,0.000000,0.000000,20.614020,17.154974,14.989128,10.634694,28.176685,22.245644,17.004683,11.920508,105.895998,-659.938660,-759.002686,43960.000000,1913.333333,2660.000000
11.941511,15.919873,23.307755,24.077986,11.639051,0.000000,0.000000,0.000000,20.651469,17.145534,14.814255,10.637736,28.258172,22.190630,16.840735,11.944809,102.968000,-657.661336,-753.634664,46620.000000,3313.333333,3593.333333
11.887944,15.792382,23.141978,23.506399,11.238880,0.000000,0.000000,0.000000,20.781454,17.217846,14.776636,10.668865,28.387036,22.438041,16.926279,12.055031,99.714666,-654.895996,-755.098674,47693.333333,3360.000000,4386.666667
11.784991,15.714941,22.782100,23.314178,10.952946,0.000000,0.000000,0.000000,20.913129,17.272911,14.761268,10.626033,28.394722,22.585971,16.656206,12.134968,101.829335,-659.938680,-759.816020,48346.666667,3220.000000,5133.333333
11.768616,15.717155,22.330286,22.278210,10.801412,0.000000,0.000000,0.000000,20.489971,17.053060,14.796804,10.551031,28.174696,22.415830,16.555762,12.128872,100.040001,-660.751994,-756.237346,49746.666667,3686.666667,5553.333333
11.970409,15.880242,22.019306,21.802347,10.619730,0.000000,0.000000,0.000000,20.505436,17.211474,15.082235,10.585995,28.044968,21.990625,16.379304,11.989351,97.925336,-659.776001,-756.237345,50446.666667,3500.000000,6066.666667
12.150715,16.093171,21.846957,21.838287,10.554904,0.000000,0.000000,0.000000,20.345666,17.018746,15.260403,10.483752,27.581894,21.418988,16.102363,11.663301,97.437337,-663.680013,-758.840007,50913.333333,3126.666667,6160.000000
12.171233,16.095381,21.640556,21.947527,10.487789,0.000000,0.000000,0.000000,20.055118,16.695645,15.158266,10.525357,27.137192,21.302394,15.635351,11.235547,94.672001,-655.221334,-754.773336,51566.666667,2613.333333,6393.333333
12.169005,15.932582,21.463653,21.892205,10.554460,0.000000,0.000000,0.000000,19.379404,15.938010,14.813275,10.575570,26.633889,21.376407,15.149698,11.224530,94.997332,-655.384013,-752.170675,53013.333333,3266.666667,6486.666667
12.156347,15.929884,21.408301,21.549336,10.610272,0.000000,0.000000,0.000000,19.415552,15.859583,14.713685,10.475700,26.496911,21.391083,14.787670,11.251368,97.437335,-657.173340,-750.544006,53060.000000,3826.666667,6533.333333
12.176684,15.935195,21.209710,21.253104,10.626930,0.000000,0.000000,0.000000,19.429702,15.865230,14.717008,10.323376,26.469240,21.096691,14.407809,11.247938,95.160001,-657.986674,-746.314677,53526.666667,4293.333333,6253.333333
12.168595,15.946802,20.665418,20.949563,10.585064,0.000000,0.000000,0.000000,19.255431,15.722220,14.628913,10.154867,26.444277,20.866370,14.343644,11.038702,94.834666,-658.637350,-750.544027,53200.000000,4573.333333,6020.000000
12.102414,15.839961,19.526249,20.590023,10.515824,0.000000,0.000000,0.000000,18.450918,14.974890,14.290720,9.749529,25.564406,19.979964,13.686169,10.526813,93.533333,-661.890686,-744.688009,52733.333333,4200.000000,5460.000000
12.008199,15.860506,18.871964,20.510415,10.601594,0.000000,0.000000,0.000000,18.069036,14.489335,14.046924,9.487212,24.973947,19.464938,13.447578,10.389683,94.021334,-662.866679,-747.128011,52173.333333,4013.333333,4993.333333
11.817222,15.777528,18.642803,20.461630,10.496216,0.000000,0.000000,0.000000,17.970282,14.423474,13.901657,9.447356,24.672701,19.236357,13.532659,10.364537,93.045334,-661.890666,-745.013326,51613.333333,3593.333333,4340.000000
11.566604,15.709414,18.457315,20.465037,10.419976,0.000000,0.000000,0.000000,17.912744,14.342549,13.738323,9.370299,24.504595,19.077553,13.484831,10.279504,92.394666,-659.450663,-745.338664,51240.000000,3033.333333,3873.333333
11.450033,15.733505,18.396413,20.548421,10.369981,0.000000,0.000000,0.000000,17.934480,14.417809,13.630983,9.375487,24.713619,19.228784,13.380745,10.304518,93.696002,-661.402669,-742.898682,50633.333333,2566.666667,3313.333333
11.455056,15.716713,18.234656,20.548061,10.341194,0.000000,0.000000,0.000000,18.227355,14.708484,13.747886,9.457999,24.784104,19.640911,13.339176,10.384109,91.581337,-662.866659,-744.362671,49793.333333,1960.000000,2613.333333
11.531601,15.857666,18.457718,20.680793,10.469451,0.000000,0.000000,0.000000,18.402032,14.890671,13.916180,9.513196,24.722251,19.833653,13.535180,10.440875,98.250666,-665.794678,-760.792012,50306.666667,1633.333333,2240.000000
11.612980,15.939319,18.843204,20.613703,10.733670,0.000000,0.000000,0.000000,18.600754,15.303055,14.149411,9.500469,25.570696,20.515419,14.244798,10.681606,93.208003,-661.077332,-745.013347,51893.333333,2613.333333,1820.000000
11.657890,16.112256,18.971113,20.527839,11.034000,0.000000,0.000000,0.000000,18.958761,15.715630,14.270836,9.499277,26.688685,21.018183,14.690103,10.852874,92.394666,-662.053345,-742.248006,50586.666667,1960.000000,1166.666667
11.569449,16.215052,18.872392,21.004451,11.133235,0.000000,0.000000,0.000000,18.978819,15.886357,14.211492,9.454374,27.193510,20.976485,14.681348,10.900399,95.648000,-656.522664,-749.405355,49093.333333,1680.000000,933.333333
11.444302,16.280028,18.676391,21.450951,11.199183,0.000000,0.000000,0.000000,18.946132,15.967398,14.190627,9.401440,27.386944,20.870579,14.693022,10.819467,94.672002,-649.365356,-739.157328,48720.000000,1960.000000,1213.333333
11.395198,16.328947,18.583069,21.002841,11.171435,0.000000,0.000000,0.000000,19.157619,16.155818,14.132788,9.387509,27.790586,21.071863,14.961914,10.905734,89.954669,-649.528015,-720.938660,47926.666667,2286.666667,840.000000
11.469276,16.555916,18.943304,21.126432,11.259158,0.000000,0.000000,0.000000,19.261166,16.292248,13.989061,9.378480,28.001526,21.134346,15.323706,11.013205,93.858668,-652.130676,-734.602681,44380.000000,1073.333333,280.000000
11.534062,16.738752,19.165168,21.383606,11.369660,0.000000,0.000000,0.000000,19.429198,16.416575,13.976755,9.386967,28.074245,21.203699,15.452190,11.038286,94.997332,-661.565348,-731.349345,42513.333333,-280.000000,-93.333333
11.447033,16.741940,19.363635,21.447114,11.337317,0.000000,0.000000,0.000000,19.365554,16.398911,13.971794,9.409338,27.435621,21.087448,15.428080,11.039612,95.648002,-667.421346,-737.856018,42000.000000,-840.000000,-326.666667
11.422578,16.779235,19.661793,21.663014,11.487794,0.000000,0.000000,0.000000,19.578405,16.575267,14.124137,9.417903,27.335089,21.071502,15.548225,10.866480,95.322670,-666.119995,-732.975993,40973.333333,-746.666667,-606.666667
11.474426,16.673627,19.403106,21.421981,11.701221,0.000000,0.000000,0.000000,19.470160,16.527884,14.141054,9.391700,27.018292,20.803104,15.239189,10.969596,95.973335,-668.397339,-726.632019,39993.333333,-1726.666667,-700.000000
11.482500,16.669735,19.349474,21.591868,11.879207,0.000000,0.000000,0.000000,19.469921,16.603546,14.251190,9.362815,26.936564,20.661059,15.106987,11.159375,98.250669,-671.975993,-729.560018,39153.333333,-2240.000000,-700.000000
11.489389,16.633875,19.287657,21.557040,11.902183,0.000000,0.000000,0.000000,19.294403,16.527736,14.443759,9.333514,26.526953,20.530147,15.152242,11.316149,102.154668,-674.904033,-739.970683,37753.333333,-2846.666667,-886.666667
11.603096,16.696253,18.756609,21.514375,11.843494,0.000000,0.000000,0.000000,19.004889,16.388118,14.729126,9.384367,26.085693,20.487896,15.235166,11.276195,100.528000,-669.536011,-737.855998,36726.666667,-4060.000000,-1166.666667
11.707518,16.594609,18.389111,21.285698,11.814141,0.000000,0.000000,0.000000,18.703861,16.152744,14.667268,9.345139,25.894068,20.399033,15.251352,11.255632,103.618668,-660.426677,-735.253336,37006.666667,-4106.666667,-1166.666667
11.759721,16.672644,18.315976,21.452534,12.012699,0.000000,0.000000,0.000000,18.824809,16.286533,14.641339,9.372393,26.006892,20.501246,15.476392,11.379453,97.437335,-657.661336,-720.288005,36820.000000,-4433.333333,-886.666667
11.903130,16.979747,18.602863,21.729234,12.382822,0.000000,0.000000,0.000000,18.875220,16.423988,14.663292,9.537201,25.787927,20.414276,15.540325,11.553316,100.528000,-667.746684,-719.474691,35466.666667,-3826.666667,-886.666667
11.827222,16.934726,18.217823,20.982841,12.374019,0.000000,0.000000,0.000000,18.721373,16.427932,14.615660,9.700028,25.784899,20.356173,15.620987,11.762816,104.106669,-669.373332,-723.541341,32526.666667,-5226.666667,-840.000000
11.813705,17.068639,18.809494,21.157979,12.439042,0.000000,0.000000,0.000000,19.225873,16.825814,14.896811,9.694218,26.183838,20.633013,15.963865,11.886683,103.781337,-664.330668,-734.114665,31173.333333,-4853.333333,-746.666667
11.861997,17.270498,19.044801,21.868121,12.518008,0.000000,0.000000,0.000000,19.506268,17.026957,15.199997,9.692992,26.269083,20.806071,16.245729,12.008022,103.944000,-659.125346,-737.205343,31313.333333,-3686.666667,-326.666667
12.073608,17.806114,18.879636,22.536975,12.843240,0.000000,0.000000,0.000000,20.135539,17.506336,15.533611,9.898174,26.630703,21.077759,16.422527,12.498552,101.016002,-663.191996,-732.162679,30613.333333,-3640.000000,-140.000000
12.569936,18.638293,19.072474,22.979559,13.527677,0.000000,0.000000,0.000000,21.172319,18.468276,15.837382,10.442741,27.282461,21.510904,16.358454,13.193969,101.666667,-664.005330,-739.970662,28886.666667,-4806.666667,-233.333333
12.664321,18.804103,19.497067,23.088278,13.653627,0.000000,0.000000,0.000000,21.485796,18.848524,15.835865,10.637566,27.242361,21.492862,16.132013,13.359321,115.330666,-661.728007,-746.640014,29260.000000,-4340.000000,-93.333333
12.709658,18.801916,19.918137,23.171606,13.718132,0.000000,0.000000,0.000000,21.729855,19.044429,15.883923,10.670751,27.430375,21.604170,16.283585,13.355658,98.575999,-659.450684,-735.090678,29026.666667,-2333.333333,700.000000
12.719941,18.674234,20.318011,23.118185,13.771805,0.000000,0.000000,0.000000,21.921620,19.167909,16.010118,10.685285,27.631353,21.732601,16.430611,13.350703,95.648000,-663.517334,-731.024007,28373.333333,-1960.000000,-326.666667
12.800570,18.706731,21.034071,22.731852,13.899269,0.000000,0.000000,0.000000,22.083703,19.272875,16.138038,10.720402,27.555578,21.663648,16.387615,13.326050,110.125336,-661.077332,-733.626668,29960.000000,-1446.666667,746.666667
12.817817,18.696282,20.933085,22.582264,13.930982,0.000000,0.000000,0.000000,22.292457,19.448419,16.337710,10.758748,27.671956,21.892582,16.507430,13.367703,98.088003,-655.709351,-732.813355,26880.000000,-560.000000,1493.333333
12.762174,18.738600,20.638945,22.733059,14.049990,0.000000,0.000000,0.000000,22.413293,19.476524,16.433396,10.761960,27.848925,22.161911,16.639566,13.420851,92.720001,-666.119995,-732.000020,26833.333333,-980.000000,606.666667
12.632484,18.681649,20.507455,22.798159,14.118043,0.000000,0.000000,0.000000,22.391839,19.484079,16.472437,10.726032,27.913897,22.207230,16.738900,13.486971,94.834668,-665.631999,-730.861348,27580.000000,-1073.333333,1493.333333
12.600414,18.620072,20.634900,22.771035,14.167486,0.000000,0.000000,0.000000,22.342536,19.482668,16.479647,10.677766,28.008247,22.192253,16.876323,13.605332,93.533336,-659.938660,-727.120015,25713.333333,-1213.333333,1773.333333
12.569302,18.452415,20.640515,22.902529,14.187169,0.000000,0.000000,0.000000,22.505704,19.606312,16.604503,10.626046,28.156100,22.198939,17.139881,13.661402,91.744001,-662.541341,-729.397339,25153.333333,-1680.000000,1586.666667
12.454676,17.877730,20.614960,22.777034,14.203988,0.000000,0.000000,0.000000,22.453708,19.587170,16.580666,10.415756,28.236358,22.268933,17.508337,13.702840,94.021331,-663.517354,-739.157349,24780.000000,-1213.333333,1540.000000
12.411377,17.557902,20.518686,22.679127,14.094856,0.000000,0.000000,0.000000,22.297746,19.436947,16.515663,10.233630,27.589026,22.118050,17.727825,13.590822,87.026667,-661.077332,-732.488017,25153.333333,186.666667,1820.000000
12.422293,17.537369,20.619606,22.756559,14.155705,0.000000,0.000000,0.000000,22.396382,19.555865,16.536190,10.225031,27.597428,22.216466,17.914493,13.606224,88.328001,-663.029338,-732.650675,24033.333333,326.666667,1633.333333
12.413335,17.500882,20.967021,22.607769,14.231887,0.000000,0.000000,0.000000,22.385742,19.611120,16.471710,10.164647,27.522798,22.019811,17.812114,13.487384,91.256002,-667.421346,-735.578674,24033.333333,1353.333333,1726.666667
12.551819,17.696531,21.421655,22.364944,14.452698,0.000000,0.000000,0.000000,22.424155,19.754347,16.534522,10.189915,27.475109,21.829885,17.738808,13.435099,87.352001,-660.589335,-738.994669,24033.333333,2613.333333,1820.000000
12.622842,17.879443,22.042079,21.944748,14.663458,0.000000,0.000000,0.000000,22.567487,20.031160,16.600996,10.320727,27.444101,21.719918,17.792086,13.534901,89.954667,-663.192016,-740.296020,24173.333333,2940.000000,1913.333333
12.414507,17.693428,22.126260,21.936383,14.654961,0.000000,0.000000,0.000000,22.720276,20.249827,16.570219,10.224207,27.687614,21.934052,17.881653,13.649528,90.280001,-659.613343,-741.922689,24500.000000,3593.333333,2053.333333
12.280318,17.768199,22.401802,22.660820,14.688531,0.000000,0.000000,0.000000,22.726649,20.179220,16.642018,10.172692,27.549591,22.000237,18.116501,13.745076,91.255999,-658.312012,-740.784017,24313.333333,4573.333333,1960.000000
12.341299,18.084429,22.562334,23.200250,14.840182,0.000000,0.000000,0.000000,22.907029,20.327154,16.840908,10.084336,27.703581,21.992144,18.510480,13.944341,90.117334,-656.848023,-740.784017,23893.333333,5413.333333,2146.666667
12.515865,18.464190,22.818449,23.425751,15.064961,0.000000,0.000000,0.000000,23.159734,20.587071,16.958562,10.064544,27.927372,21.760899,18.997079,14.175562,92.394668,-659.125346,-739.482666,23286.666667,5506.666667,2100.000000
12.594847,18.591661,22.865706,23.438493,15.012715,0.000000,0.000000,0.000000,23.085943,20.527981,16.938006,10.069715,27.779650,21.381504,19.142540,14.211598,90.117335,-661.728027,-735.741353,22773.333333,5180.000000,2006.666667
12.632104,18.692020,23.153923,23.510456,14.994099,0.000000,0.000000,0.000000,23.235041,20.583169,16.948563,10.077131,27.663256,21.279865,19.232657,14.229333,90.605334,-661.240011,-736.229350,21840.000000,4340.000000,1866.666667
12.517912,18.610982,23.216492,23.241252,14.912909,0.000000,0.000000,0.000000,23.336943,20.667543,16.955462,10.024979,27.600092,21.240456,19.294722,14.262731,95.485334,-657.498678,-742.248006,21326.666667,3733.333333,1913.333333
12.400546,18.494364,23.141965,23.018516,14.880378,0.000000,0.000000,0.000000,23.250931,20.640563,16.947973,9.996315,27.675964,21.262551,19.492382,14.228432,93.370667,-659.450663,-726.306681,21000.000000,3686.666667,1680.000000
12.359677,18.545583,23.581772,23.200439,14.928511,0.000000,0.000000,0.000000,23.335116,20.783437,17.199986,10.004535,27.563364,21.194765,19.298093,14.050904,94.346666,-669.861349,-727.282674,19086.666667,1400.000000,1260.000000
12.443451,18.667533,23.821596,23.523026,14.952382,0.000000,0.000000,0.000000,23.613761,21.006545,17.579078,10.051032,27.625767,21.208674,19.201497,13.940254,99.064000,-664.005351,-732.162679,19040.000000,1353.333333,1353.333333
12.472031,18.660985,23.789671,23.417098,14.869886,0.000000,0.000000,0.000000,23.667165,21.085753,17.777409,10.129099,27.727234,21.271004,19.302587,14.021910,102.642667,-659.450663,-734.440002,18853.333333,2426.666667,1166.666667
12.454449,18.709893,23.646092,23.802341,14.801561,0.000000,0.000000,0.000000,23.886715,21.173254,17.836036,10.120979,27.689419,21.125065,19.293425,13.962741,100.690667,-662.216003,-731.512003,17500.000000,2800.000000,1120.000000
12.421299,18.803745,23.616482,24.124232,14.727863,0.000000,0.000000,0.000000,23.986776,21.159007,17.865518,10.058123,27.602759,20.788606,19.371084,13.922562,103.293335,-662.378683,-735.253337,16706.666667,2566.666667,1260.000000
12.356872,18.702044,23.423074,24.087870,14.582428,0.000000,0.000000,0.000000,23.864532,21.027620,17.753980,10.015419,27.525837,20.640211,19.244035,13.890718,103.618670,-664.168009,-734.440003,15913.333333,2846.666667,1540.000000
12.304357,18.592450,23.102543,24.131133,14.370653,0.000000,0.000000,0.000000,23.610254,20.675216,17.577423,9.993916,26.656422,20.034633,18.808820,13.717904,102.805334,-664.493347,-736.066671,15353.333333,3686.666667,1633.333333
12.307504,18.518539,22.957744,24.102801,14.117295,0.000000,0.000000,0.000000,23.445690,20.439048,17.504471,9.981899,25.766050,19.634979,18.571350,13.563045,101.504000,-664.656026,-734.927999,15166.666667,4620.000000,1726.666667
12.440378,18.597042,22.935825,23.893575,14.074320,0.000000,0.000000,0.000000,23.616458,20.527368,17.636695,10.135241,25.413541,19.736362,18.735713,13.571158,97.925334,-665.469340,-734.765340,15306.666667,5320.000000,1960.000000
12.445384,18.519739,22.759031,23.475695,14.006560,0.000000,0.000000,0.000000,23.368874,20.289477,17.524325,10.160162,24.869395,19.608558,18.689962,13.567793,99.714668,-667.584005,-730.535990,14793.333333,5973.333333,1913.333333
12.378187,18.409821,22.628268,23.436740,14.012838,0.000000,0.000000,0.000000,23.146050,20.153098,17.460151,10.160038,24.307617,19.278854,18.464673,13.463703,99.714666,-667.258667,-730.861349,14140.000000,5786.666667,1633.333333
12.227396,18.104944,22.348942,23.101856,13.896455,0.000000,0.000000,0.000000,22.803692,19.865734,17.342261,10.093929,23.837921,18.929024,18.146847,13.264760,99.389333,-668.072021,-729.072001,13533.333333,6020.000000,1400.000000
12.156658,17.940320,22.218127,22.975782,13.786374,0.000000,0.000000,0.000000,22.675309,19.753088,17.332295,10.107296,23.656617,18.838261,18.037087,13.244844,97.925334,-672.301351,-726.306681,12973.333333,5880.000000,1260.000000
12.155766,17.880746,22.094862,23.069920,13.747811,0.000000,0.000000,0.000000,22.703610,19.774038,17.412854,10.159105,23.709389,18.969376,18.136057,13.239742,98.576001,-674.253357,-725.981344,11853.333333,5413.333333,840.000000
12.118449,17.742197,21.836087,22.880444,13.590150,0.000000,0.000000,0.000000,22.493297,19.608749,17.258584,10.223588,23.452275,18.670244,17.949303,13.153531,98.901334,-674.741353,-723.541341,10873.333333,5040.000000,466.666667
12.080242,17.702716,21.663991,22.846575,13.360368,0.000000,0.000000,0.000000,22.507551,19.590542,17.181973,10.361793,23.411166,18.553964,17.847687,13.023726,98.738668,-679.296020,-724.354675,10593.333333,4433.333333,280.000000
12.072255,17.701186,21.515585,22.698247,13.201332,0.000000,0.000000,0.000000,22.496235,19.539285,17.057066,10.388663,23.182044,18.507528,17.745136,12.750652,98.901334,-679.296021,-722.402669,9753.333333,4293.333333,0.000000
12.111596,17.714723,21.474399,22.636840,13.174847,0.000000,0.000000,0.000000,22.549970,19.558669,16.844682,10.385758,23.128168,18.468322,17.590176,12.547330,96.949333,-681.410685,-719.312012,9286.666667,4386.666667,-233.333333
12.088437,17.598352,21.513006,22.320022,13.201507,0.000000,0.000000,0.000000,22.447941,19.504070,16.500825,10.358914,23.092766,18.311251,17.383134,12.448671,97.112002,-681.085348,-717.685343,8913.333333,4620.000000,-326.666667
12.026085,17.453863,21.403801,22.192469,13.117784,0.000000,0.000000,0.000000,22.485785,19.547565,16.378884,10.429503,23.213507,18.465663,17.323882,12.541175,97.274671,-683.525350,-715.245341,8680.000000,4433.333333,-420.000000
11.980399,17.271781,21.294627,22.076106,12.899597,0.000000,0.000000,0.000000,22.338309,19.414542,16.317967,10.441404,22.932871,18.366716,17.020981,12.413895,97.762665,-684.989339,-717.848002,8633.333333,4480.000000,-420.000000
11.943920,17.037531,20.991323,21.817850,12.683549,0.000000,0.000000,0.000000,22.254389,19.339984,16.362016,10.446858,22.923546,18.409826,16.923426,12.271301,95.810667,-683.688009,-717.197347,9053.333333,4900.000000,-326.666667
12.032397,17.046856,21.028486,21.822464,12.752636,0.000000,0.000000,0.000000,22.205212,19.322751,16.394965,10.498654,22.657028,18.193316,16.827216,12.172885,96.461334,-683.687988,-718.824015,9333.333333,5273.333333,-326.666667
12.173550,17.027103,20.683098,21.267196,12.949878,0.000000,0.000000,0.000000,22.061942,19.304344,16.361403,10.804400,22.413769,17.956310,16.703041,12.368957,96.786667,-680.434672,-718.173340,9613.333333,5600.000000,-420.000000
12.262967,17.110343,20.737160,20.514493,13.172918,0.000000,0.000000,0.000000,22.338615,19.618938,16.350637,11.125081,22.699127,17.935144,16.692791,12.547644,97.112002,-679.458679,-719.637349,9893.333333,6020.000000,-326.666667
11.869454,16.550543,20.712513,19.422167,12.734742,0.000000,0.000000,0.000000,21.830304,19.233812,15.888005,10.932741,22.136113,17.349902,16.389199,12.065965,98.738668,-676.693339,-722.890666,9986.666667,6626.666667,-420.000000
11.212672,15.555479,20.764045,18.320671,11.858424,0.000000,0.000000,0.000000,20.621166,18.221804,15.432733,10.464884,21.108714,16.760535,16.482864,11.296783,98.738665,-676.855998,-718.986674,10173.333333,7000.000000,-466.666667
11.253688,15.495002,21.086827,18.172415,11.860957,0.000000,0.000000,0.000000,20.442787,18.025183,15.629814,10.471295,20.870603,16.878193,16.856792,11.071002,98.413332,-675.717346,-719.637350,10033.333333,6953.333333,-513.333333
11.349897,15.457918,21.085228,18.070975,12.014322,0.000000,0.000000,0.000000,20.465041,18.088086,15.785773,10.639170,20.934682,17.139067,17.209609,11.254911,100.040001,-679.458679,-717.848002,9846.666667,6720.000000,-793.333333
11.334705,15.384152,20.970895,18.060517,11.951934,0.000000,0.000000,0.000000,20.419913,18.122860,15.839697,10.774473,20.787593,17.173215,17.416490,11.438272,99.877335,-680.109334,-718.498677,9986.666667,6673.333333,-886.666667
11.230820,15.187726,20.462098,18.065473,11.794666,0.000000,0.000000,0.000000,20.367718,18.120097,15.865939,10.824834,20.870426,17.227606,17.611828,11.549144,104.106666,-681.410685,-717.360006,9800.000000,6160.000000,-1120.000000
11.199729,15.129335,20.422350,17.759823,11.727829,0.000000,0.000000,0.000000,20.142906,17.928580,15.723848,10.812617,20.646614,16.983398,17.582205,11.548950,103.944000,-680.109334,-717.522664,9706.666667,5600.000000,-1400.000000
11.194613,15.041516,20.577121,17.212796,11.596023,0.000000,0.000000,0.000000,19.913422,17.797647,15.572847,10.798574,20.205804,16.619459,17.502839,11.465479,104.920001,-682.223999,-718.335998,9520.000000,5040.000000,-1633.333333
11.131727,15.004841,20.594994,16.970535,11.497305,0.000000,0.000000,0.000000,19.876857,17.775121,15.402176,10.757172,20.069167,16.456037,17.434422,11.332578,105.245333,-682.549357,-718.010681,9520.000000,4433.333333,-1726.666667
10.904469,14.745621,20.622403,16.729978,11.337365,0.000000,0.000000,0.000000,19.683418,17.592147,15.040451,10.627037,19.758143,16.138209,17.317659,11.025634,106.546667,-681.085347,-717.848002,9473.333333,3780.000000,-1820.000000
10.790152,14.581529,20.995716,16.585391,11.313222,0.000000,0.000000,0.000000,19.581029,17.541656,14.886006,10.572691,19.531414,15.941868,17.111256,10.888835,105.895999,-681.248027,-718.498678,9100.000000,3266.666667,-2053.333333
10.705070,14.505654,21.464193,16.672526,11.292496,0.000000,0.000000,0.000000,19.724163,17.635903,14.877498,10.526472,19.559215,15.938212,16.954338,10.749879,107.360003,-681.410665,-716.872010,8820.000000,2846.666667,-2146.666667
10.605587,14.434638,21.769658,16.869422,11.169910,0.000000,0.000000,0.000000,19.673432,17.587794,14.830094,10.422637,19.349107,15.650934,16.506471,10.551573,108.010668,-681.248006,-716.872009,8540.000000,2660.000000,-2146.666667
10.551028,14.368629,21.760996,16.952847,11.004359,0.000000,0.000000,0.000000,19.540694,17.486425,14.863678,10.390712,19.085226,15.426328,16.268748,10.496683,108.498668,-681.248006,-719.474691,8400.000000,2660.000000,-2286.666667
10.465148,14.183846,21.707642,16.775274,10.752235,0.000000,0.000000,0.000000,19.339806,17.310322,14.900917,10.368139,18.850019,15.291035,16.239514,10.496882,106.709336,-683.850667,-720.125366,8306.666667,2753.333333,-2193.333333
10.345315,13.981309,21.870977,16.837379,10.682476,0.000000,0.000000,0.000000,19.170313,17.098416,14.811856,10.271377,18.719853,15.199197,16.275175,10.468191,106.384000,-683.688009,-719.962667,8213.333333,2846.666667,-2100.000000
10.148372,13.657287,22.061947,16.875094,10.520595,0.000000,0.000000,0.000000,18.876438,16.737710,14.735038,10.079445,18.670924,15.276327,16.285969,10.342821,104.757334,-684.176005,-717.848023,8120.000000,2986.666667,-1866.666667
10.116389,13.575524,22.607921,16.838177,10.585473,0.000000,0.000000,0.000000,18.436847,16.238015,14.474145,9.958845,17.979767,14.929632,16.219731,10.148203,106.384003,-685.640015,-717.848002,8120.000000,3360.000000,-1866.666667
10.101841,13.275167,22.646812,15.988987,10.761908,0.000000,0.000000,0.000000,18.287328,16.178471,13.956149,9.897803,18.067788,14.850671,15.910340,10.042930,105.082667,-685.477336,-717.034668,8120.000000,3873.333333,-1633.333333
9.968420,12.804782,22.177773,14.909674,10.841072,0.000000,0.000000,0.000000,18.096228,16.068575,13.454278,9.782979,17.924952,14.576403,15.323047,9.780337,103.944003,-685.151998,-717.685323,8026.666667,4153.333333,-1493.333333
9.739257,12.217128,22.157455,14.584305,10.354181,0.000000,0.000000,0.000000,17.882334,15.822837,13.264631,9.633017,17.670037,14.403849,14.597568,9.335987,104.594665,-685.152018,-716.546671,7980.000000,4200.000000,-1446.666667
9.622619,12.090788,22.930548,14.697898,10.097812,0.000000,0.000000,0.000000,17.838521,15.733011,13.289037,9.573746,17.618449,14.410271,14.309761,9.116006,103.781334,-683.362671,-717.522685,7653.333333,4246.666667,-1260.000000
9.484497,12.049193,24.363927,14.450645,10.145634,0.000000,0.000000,0.000000,17.563102,15.541282,13.221002,9.549847,17.489526,14.386309,14.177860,9.063472,103.293335,-684.501322,-716.872009,7326.666667,4200.000000,-1213.333333
9.455883,12.227479,26.639269,14.495657,10.489468,0.000000,0.000000,0.000000,17.511547,15.459005,13.172655,9.552306,17.519888,14.430909,14.114337,9.002856,102.154668,-684.989339,-714.594686,7093.333333,4200.000000,-1166.666667
9.456312,12.489312,28.542363,14.584600,11.266659,0.000000,0.000000,0.000000,17.510481,15.474311,13.000562,9.622897,17.433069,14.411756,13.817397,9.019912,102.317334,-687.429342,-717.522685,6766.666667,4060.000000,-1120.000000
9.322188,12.429504,29.624915,14.377502,11.986505,0.000000,0.000000,0.000000,17.127709,15.081646,12.464370,9.548523,17.134776,14.168960,13.619369,8.930654,102.642670,-687.754659,-718.661357,6626.666667,3966.666667,-1026.666667
9.273453,12.412875,29.725339,13.900210,12.499154,0.000000,0.000000,0.000000,16.818674,14.797553,11.942033,9.467871,16.783137,13.870732,13.367959,8.774412,104.106669,-687.429342,-717.197327,6626.666667,4200.000000,-746.666667
9.269282,12.493581,29.685079,13.807989,12.615865,0.000000,0.000000,0.000000,16.852500,14.803289,11.808741,9.408477,16.712036,13.830104,13.145726,8.680511,103.944003,-688.730672,-717.197347,6580.000000,4433.333333,-653.333333
9.171377,12.322374,30.221557,12.989331,12.597380,0.000000,0.000000,0.000000,16.451818,14.582527,11.708830,9.390134,16.481776,13.745126,13.163270,8.694047,103.944000,-689.218669,-718.173340,6720.000000,4806.666667,-373.333333
9.004995,12.106856,31.562528,12.402949,12.558811,0.000000,0.000000,0.000000,15.948701,14.353914,11.435548,9.455795,16.183548,13.551803,13.104501,8.570065,101.666667,-687.754680,-719.149333,6626.666667,5320.000000,-280.000000
8.931464,12.269690,32.731534,12.238702,12.630790,0.000000,0.000000,0.000000,16.005417,14.423144,11.388189,9.494258,16.248565,13.566598,13.105624,8.538044,103.130668,-685.965352,-718.986674,6953.333333,5786.666667,46.666667
8.872374,12.452264,33.959701,12.200961,12.658670,0.000000,0.000000,0.000000,16.134712,14.545231,11.423798,9.531910,16.326089,13.711545,12.999050,8.480675,102.968000,-687.429342,-716.709330,7000.000000,6393.333333,233.333333
8.825478,12.624543,34.619113,12.409713,12.722145,0.000000,0.000000,0.000000,16.219520,14.649968,11.534921,9.579807,16.252004,13.789621,12.923437,8.445428,102.642669,-687.917338,-718.661336,7186.666667,6906.666667,653.333333
8.710397,12.457533,34.689960,11.916453,12.763273,0.000000,0.000000,0.000000,15.625668,14.167133,11.343703,9.452287,15.619334,13.422673,12.635559,8.348025,102.154668,-686.941345,-717.197347,7326.666667,7280.000000,840.000000
8.767432,12.487357,34.693708,12.142988,12.847568,0.000000,0.000000,0.000000,15.599694,14.135068,11.334316,9.458289,15.470840,13.300315,12.537626,8.306007,101.991999,-686.616007,-716.384013,7373.333333,7653.333333,1026.666667
8.790581,12.461823,34.771818,12.123501,12.892622,0.000000,0.000000,0.000000,15.587386,14.127506,11.359856,9.545059,15.502309,13.345425,12.544979,8.334968,101.015999,-686.778666,-717.197347,7373.333333,7980.000000,1213.333333
8.833478,12.470828,34.997517,12.145347,12.882853,0.000000,0.000000,0.000000,15.605962,14.140658,11.401397,9.597485,15.451606,13.333644,12.639954,8.336123,100.365333,-687.429362,-718.010661,7606.666667,8306.666667,1493.333333
8.847715,12.396590,35.143229,12.024222,12.805942,0.000000,0.000000,0.000000,15.604818,14.162892,11.295924,9.598112,15.445485,13.255948,12.644594,8.304431,99.389335,-686.941325,-719.311991,7793.333333,8493.333333,1680.000000
8.764920,12.309662,35.150785,11.773851,12.716559,0.000000,0.000000,0.000000,15.424072,14.022020,11.094255,9.500600,15.226039,12.957242,12.365850,8.174514,98.738668,-686.778687,-716.871989,7886.666667,8866.666667,1820.000000
8.734848,12.383551,35.241520,11.830462,12.798892,0.000000,0.000000,0.000000,15.401977,13.972115,11.115848,9.382696,15.184945,12.895410,12.278098,8.123719,97.925334,-683.688009,-718.173340,7980.000000,9146.666667,1960.000000
8.744154,12.394921,35.315138,11.862289,12.808324,0.000000,0.000000,0.000000,15.392572,13.910905,11.136396,9.061371,15.165324,12.905542,12.284486,8.090131,98.088000,-676.205343,-719.962687,8073.333333,9193.333333,2053.333333
8.709726,12.387403,35.292566,11.863524,12.787875,0.000000,0.000000,0.000000,15.322729,13.750347,11.119793,8.858547,15.122595,12.865081,12.308002,8.091016,99.226669,-682.874674,-719.637350,8166.666667,9146.666667,2053.333333
8.619196,12.357547,35.131771,11.833534,12.756018,0.000000,0.000000,0.000000,15.194803,13.686835,11.101925,8.864287,14.947493,12.788471,12.288911,8.067441,96.949333,-679.946696,-718.498678,7793.333333,9380.000000,1960.000000
8.509401,12.340519,34.993326,11.925760,12.766762,0.000000,0.000000,0.000000,15.117867,13.596551,11.047521,8.793577,14.886490,12.647600,12.234548,8.069675,98.738668,-683.200012,-720.613342,7466.666667,9753.333333,1726.666667
8.392063,12.382154,34.982107,12.138472,12.733414,0.000000,0.000000,0.000000,15.253169,13.660979,11.033083,8.702503,14.885172,12.322216,12.028648,7.765928,98.088000,-681.248027,-720.125346,7186.666667,9846.666667,1680.000000
8.407956,12.423398,34.987835,12.090503,12.760865,0.000000,0.000000,0.000000,15.253867,13.596573,11.053538,8.597806,14.886613,12.212435,12.035236,7.627659,95.322669,-685.965352,-719.799988,7140.000000,9660.000000,1586.666667
8.371036,12.375910,34.959745,11.944655,12.753105,0.000000,0.000000,0.000000,15.072457,13.424275,10.964386,8.494829,14.676870,12.074996,12.048662,7.560527,96.298669,-686.128011,-718.986674,7280.000000,9380.000000,1493.333333
8.255832,12.297769,34.858511,11.905046,12.700117,0.000000,0.000000,0.000000,14.917519,13.253682,10.898071,8.444953,14.569835,12.006280,11.948561,7.433783,97.762666,-684.501343,-716.709330,7280.000000,9380.000000,1306.666667
7.873777,12.019325,34.660278,11.850270,12.502434,0.000000,0.000000,0.000000,14.448855,12.777027,10.527951,8.120048,14.155542,11.669734,11.540718,7.074096,98.738668,-686.616007,-719.637349,6953.333333,9333.333333,933.333333
7.472798,11.681786,34.581072,11.946371,12.290602,0.000000,0.000000,0.000000,13.912575,12.315971,10.172198,7.705809,13.597069,11.331754,11.212702,6.777594,97.437335,-689.381327,-715.408020,6673.333333,8960.000000,700.000000
7.469948,11.791898,34.630674,12.365868,12.284682,0.000000,0.000000,0.000000,14.028208,12.465051,10.282209,7.664438,13.654044,11.443756,11.337540,6.725198,99.226668,-688.730652,-717.197347,6393.333333,8586.666667,420.000000
7.332490,11.780138,34.456244,12.717541,12.213538,0.000000,0.000000,0.000000,14.041894,12.510408,10.280992,7.586798,13.700624,11.388140,11.243418,6.692796,99.877333,-686.616007,-715.733358,6440.000000,7933.333333,186.666667
6.863580,11.515488,34.150529,12.876343,12.052782,0.000000,0.000000,0.000000,13.708770,12.193126,9.959134,7.260865,13.420521,10.970245,10.680901,6.359395,100.365334,-687.754679,-713.130676,6486.666667,7513.333333,140.000000
6.502456,11.333314,33.955134,12.798293,11.862075,0.000000,0.000000,0.000000,13.349197,11.852603,9.633439,6.903372,12.984369,10.544312,9.844168,5.881545,102.967997,-690.520020,-713.781352,6206.666667,7093.333333,-140.000000
6.396005,11.281307,33.855371,12.876719,11.905627,0.000000,0.000000,0.000000,13.133195,11.645844,9.399543,6.764054,12.758425,10.273574,9.286718,5.556676,102.317334,-688.242696,-711.341329,5693.333333,6626.666667,-326.666667
6.338157,11.244932,33.761526,13.028762,11.892855,0.000000,0.000000,0.000000,12.970819,11.508948,9.157646,6.654431,12.597753,10.156520,8.924616,5.332970,104.594668,-687.592021,-708.088013,4946.666667,5926.666667,-606.666667
6.310617,11.263928,33.694828,13.230251,11.906594,0.000000,0.000000,0.000000,12.887251,11.488480,9.005056,6.580645,12.468853,10.097985,8.739803,5.243829,106.709336,-690.194662,-706.461345,4526.666667,5086.666667,-653.333333
6.263282,11.222241,33.667541,13.199978,11.851066,0.000000,0.000000,0.000000,12.911197,11.554314,8.886958,6.532960,12.598985,10.147580,8.800705,5.232989,108.498670,-687.754659,-708.413330,3920.000000,4993.333333,-606.666667
6.307151,11.205418,33.655441,13.255059,11.818044,0.000000,0.000000,0.000000,12.997411,11.651533,8.831552,6.514638,12.791134,10.281424,8.924471,5.253847,106.221336,-688.567993,-707.274678,3080.000000,4713.333333,-606.666667
6.312163,11.204381,33.530607,13.300730,11.801762,0.000000,0.000000,0.000000,12.908815,11.616654,8.801942,6.489590,12.678083,10.268569,8.856914,5.312614,108.824000,-690.032003,-707.112020,2753.333333,4480.000000,-513.333333
6.222497,11.155348,33.290730,13.331284,11.815590,0.000000,0.000000,0.000000,12.692715,11.458789,8.661759,6.452521,12.565178,10.193264,8.656578,5.290357,109.474668,-689.381348,-708.250671,2193.333333,4620.000000,-326.666667
6.155861,11.107007,32.989905,13.180349,11.824475,0.000000,0.000000,0.000000,12.482191,11.278048,8.465059,6.417602,12.381283,9.942297,8.215035,5.206156,110.288002,-689.543986,-709.226685,1820.000000,4806.666667,-46.666667
6.173894,11.135511,32.809240,12.943921,11.804986,0.000000,0.000000,0.000000,12.525951,11.334798,8.460086,6.453086,12.568664,9.965257,8.113415,5.265376,109.637332,-688.242676,-710.853353,1493.333333,5040.000000,326.666667
6.240587,11.106776,32.667059,12.823437,11.814099,0.000000,0.000000,0.000000,12.470916,11.289692,8.369675,6.463221,12.613406,9.941290,8.100278,5.262876,110.613332,-689.706665,-710.039998,1026.666667,5320.000000,746.666667
6.280919,11.072804,32.453495,12.813760,11.825476,0.000000,0.000000,0.000000,12.445247,11.271405,8.253028,6.439398,12.588909,9.908659,8.032493,5.228220,110.288002,-690.357340,-712.317342,560.000000,5693.333333,1213.333333
6.277982,10.950535,32.055224,12.730307,11.630588,0.000000,0.000000,0.000000,12.340294,11.193035,8.163292,6.407932,12.467392,9.813755,7.949244,5.276887,110.125333,-688.730672,-711.178691,-93.333333,5786.666667,1586.666667
6.245987,10.958753,31.409158,12.682541,11.526318,0.000000,0.000000,0.000000,12.189670,11.136858,8.044467,6.384946,12.303965,9.677802,7.734894,5.280118,108.498667,-690.682678,-707.762675,-466.666667,5693.333333,2006.666667
6.196658,10.966087,30.817350,12.419860,11.466484,0.000000,0.000000,0.000000,12.075309,11.092940,8.006862,6.369358,12.140899,9.595630,7.679145,5.274168,108.824003,-690.032023,-707.599996,-1120.000000,5600.000000,2473.333333
6.176383,10.915703,30.562053,12.234862,11.280532,0.000000,0.000000,0.000000,11.976781,11.065670,8.036139,6.361220,11.943504,9.573117,7.686627,5.267211,108.986669,-690.194682,-708.088013,-1540.000000,5646.666667,2846.666667
6.195060,10.814666,30.555017,12.189073,11.011351,0.000000,0.000000,0.000000,11.699889,10.915061,8.022153,6.340498,11.650054,9.444852,7.642059,5.207366,108.498670,-690.519999,-705.322673,-2006.666667,5506.666667,3126.666667
6.169774,10.766553,30.124030,12.029356,10.989865,0.000000,0.000000,0.000000,11.466977,10.693756,7.881873,6.344335,11.540611,9.252443,7.601508,5.158295,107.359998,-690.682678,-706.949321,-2520.000000,5646.666667,3500.000000
6.277408,10.796897,29.410052,12.070942,10.944961,0.000000,0.000000,0.000000,11.637267,10.851330,7.964106,6.510754,11.807639,9.409463,7.596398,5.235911,106.546666,-688.242675,-708.738668,-3173.333333,5833.333333,3640.000000
6.362212,10.679310,27.983430,12.183164,10.675341,0.000000,0.000000,0.000000,11.782332,10.964285,8.076472,6.611219,11.947203,9.527368,7.596047,5.248893,106.709333,-688.893331,-708.901347,-3500.000000,5786.666667,3920.000000
6.399123,10.453429,25.775167,12.177702,10.267711,0.000000,0.000000,0.000000,11.730324,10.948546,8.103123,6.584703,11.853161,9.453669,7.589164,5.203027,106.058668,-688.079997,-710.853353,-4060.000000,6066.666667,4153.333333
6.443224,10.184532,23.630974,12.240947,9.443188,0.000000,0.000000,0.000000,11.771277,11.014087,8.204017,6.495338,11.906142,9.476787,7.674577,5.248511,106.058667,-687.429341,-711.016012,-4760.000000,6160.000000,4293.333333
6.226549,9.698055,21.857872,11.853512,8.297824,0.000000,0.000000,0.000000,11.495082,10.811236,8.148074,6.369065,11.716628,9.386698,7.575140,5.234108,104.920001,-687.429342,-713.781352,-5086.666667,6066.666667,4433.333333
5.919528,9.255858,21.529210,11.615971,7.310412,0.000000,0.000000,0.000000,11.178267,10.535785,8.013198,6.225889,11.492488,9.226593,7.588369,5.154245,106.546666,-686.941345,-713.293355,-5600.000000,6440.000000,4480.000000
5.870134,9.153190,21.563937,11.610373,6.998414,0.000000,0.000000,0.000000,11.053374,10.444579,7.935615,6.212252,11.419954,9.204004,7.803925,5.228773,102.968000,-685.639995,-714.920003,-6160.000000,6206.666667,4573.333333
5.877897,9.081812,20.809294,11.535365,6.956526,0.000000,0.000000,0.000000,10.894894,10.301951,7.825375,6.182783,11.306940,9.115939,7.922690,5.278838,102.154668,-686.128011,-713.781352,-6766.666667,6160.000000,4526.666667
5.910712,8.876007,18.707483,11.422367,6.773263,0.000000,0.000000,0.000000,10.697989,10.109016,7.689655,6.080825,11.067294,8.904940,7.860806,5.231500,101.178665,-686.616008,-712.642680,-7233.333333,5833.333333,4526.666667
5.932427,8.425010,16.487901,11.367183,6.462032,0.000000,0.000000,0.000000,10.525772,9.971254,7.561956,6.015529,10.904805,8.794066,7.764929,5.178970,101.992002,-686.778666,-711.504008,-7793.333333,5320.000000,4433.333333
5.930206,8.046989,13.605662,11.133976,6.212316,0.000000,0.000000,0.000000,10.234509,9.739742,7.429214,5.913682,10.581966,8.570284,7.694170,5.163039,100.040001,-688.568014,-711.829346,-8073.333333,4946.666667,4433.333333
5.906900,7.680563,11.726631,10.753365,5.929744,0.000000,0.000000,0.000000,9.857251,9.449426,7.261265,5.826481,10.220946,8.338860,7.602295,5.136286,100.365333,-689.056010,-710.853333,-8773.333333,4526.666667,4293.333333
5.835098,7.555079,11.131052,10.726515,5.609528,0.000000,0.000000,0.000000,9.755615,9.392089,7.227604,5.754009,10.159781,8.313017,7.592688,5.114724,97.762667,-691.007995,-710.365356,-9240.000000,4340.000000,4246.666667
5.720519,7.530806,11.196477,10.684119,5.298828,0.000000,0.000000,0.000000,9.702021,9.407018,7.243250,5.670081,10.077625,8.308454,7.697340,5.066923,96.136004,-693.610677,-708.576009,-9520.000000,4293.333333,4246.666667
5.617377,7.432951,10.800351,10.730494,4.982871,0.000000,0.000000,0.000000,9.633543,9.334879,7.223608,5.496404,10.057181,8.372328,7.787777,5.080429,97.600001,-695.400004,-706.624003,-9753.333333,4340.000000,4246.666667
5.545069,7.379464,10.074534,10.732052,4.858407,0.000000,0.000000,0.000000,9.559085,9.280242,7.249014,5.374481,9.947319,8.404271,7.849411,5.125674,96.624001,-694.912008,-704.509338,-9800.000000,3966.666667,4153.333333
5.571791,7.509820,9.699775,10.690541,4.904588,0.000000,0.000000,0.000000,9.609778,9.384534,7.349865,5.337546,9.848311,8.456558,7.930019,5.110525,95.322667,-694.912008,-704.997335,-10313.333333,3920.000000,3966.666667
5.573442,7.453046,9.528980,10.616572,4.922775,0.000000,0.000000,0.000000,9.628752,9.437769,7.289706,5.378918,9.853674,8.495565,7.956081,5.118866,93.858668,-694.424011,-705.160014,-10780.000000,3780.000000,3873.333333
5.575514,7.379519,9.329141,10.694894,4.846170,0.000000,0.000000,0.000000,9.705275,9.535327,7.280095,5.400705,9.927522,8.568959,7.940231,5.142391,93.696002,-692.146688,-701.093343,-11386.666667,3453.333333,3406.666667
5.622236,7.362196,9.231358,10.696146,4.900885,0.000000,0.000000,0.000000,9.717248,9.570353,7.266433,5.477548,10.020300,8.631554,8.048805,5.216322,93.858667,-689.706685,-704.184001,-12273.333333,3266.666667,3173.333333
5.721071,7.378136,9.327398,10.644378,4.952635,0.000000,0.000000,0.000000,9.758402,9.625197,7.283372,5.460032,10.077528,8.656081,8.113652,5.211127,94.672002,-691.170674,-704.997355,-13020.000000,2800.000000,2753.333333
5.763535,7.424316,9.425174,10.706388,4.979046,0.000000,0.000000,0.000000,9.791231,9.643472,7.309972,5.472243,10.094006,8.643845,8.197527,5.234218,97.112000,-689.869344,-706.461324,-13813.333333,2193.333333,2333.333333
5.758045,7.423567,9.408174,10.631171,4.939699,0.000000,0.000000,0.000000,9.765342,9.668462,7.304395,5.499909,10.052883,8.642735,8.231043,5.221418,97.274667,-688.405334,-707.600016,-14793.333333,1633.333333,2053.333333
5.756237,7.324289,9.198333,10.450714,4.937462,0.000000,0.000000,0.000000,9.393216,9.426246,7.172699,5.398882,9.800091,8.578770,8.090082,5.232476,97.762667,-688.730672,-708.576009,-15633.333333,1353.333333,1866.666667
5.747508,7.253057,9.171778,10.342661,4.923327,0.000000,0.000000,0.000000,9.255340,9.351087,7.133770,5.372780,9.694134,8.534265,8.051825,5.239759,98.576001,-688.893331,-707.925334,-16473.333333,793.333333,1446.666667
5.647298,7.290218,9.277074,10.366758,4.929161,0.000000,0.000000,0.000000,9.295210,9.378336,7.115868,5.318605,9.725998,8.478029,8.012374,5.262515,98.576003,-689.381327,-707.762675,-17173.333333,466.666667,1166.666667
5.530047,7.297937,9.280307,10.411050,4.872327,0.000000,0.000000,0.000000,9.293331,9.347178,7.020558,5.218298,9.747447,8.515542,8.006491,5.201769,102.154670,-690.682678,-712.154663,-17920.000000,140.000000,840.000000
5.528910,7.371052,9.309165,10.448080,4.867585,0.000000,0.000000,0.000000,9.363207,9.412571,7.021477,5.281289,9.822340,8.604086,8.157919,5.228363,99.714667,-681.898682,-708.087992,-18386.666667,-140.000000,513.333333
5.630013,7.364446,9.022691,10.330372,4.937307,0.000000,0.000000,0.000000,9.263199,9.338865,6.961486,5.314661,9.788597,8.566592,8.162572,5.203726,102.642667,-687.592000,-709.226685,-19366.666667,-793.333333,93.333333
