7.077496,8.512139,12.956130,17.702937,9.138621,23.621364,8.323815,16.622612,14.112108,10.756462,8.736806,6.857090,17.317185,12.607620,8.187974,6.232652,87.596001,-685.640015,-723.459992,16870.000000,4200.000000,2450.000000
7.311043,8.938286,13.588001,18.067350,9.301006,23.631239,8.335538,16.607183,14.557196,11.038540,8.863890,6.815567,17.397975,12.634174,8.230467,6.332467,85.644001,-686.372009,-720.287994,16310.000000,4340.000000,2380.000000
7.436131,9.030320,13.642303,17.987143,9.335819,23.480156,8.355924,16.694285,14.538584,11.075812,8.943118,6.753807,17.509215,12.685293,8.428321,6.383003,87.352001,-685.884002,-721.752014,14910.000000,4340.000000,2310.000000
7.446189,9.055502,13.572653,17.832698,9.385937,23.744604,8.434836,16.735726,14.493561,11.128192,9.071070,6.772594,17.584899,12.724070,8.515818,6.382475,87.352002,-688.324005,-717.360016,13930.000000,4340.000000,2240.000000
7.492252,9.213120,13.826366,18.055632,9.419474,25.177682,8.463625,17.026526,14.760275,11.447162,9.395958,6.812519,17.747145,12.935734,8.666482,6.379381,86.863998,-689.544007,-717.848023,13440.000000,4410.000000,2310.000000
7.515076,9.259838,14.079404,18.514716,9.417567,26.012744,8.537999,17.058692,15.400063,11.993760,9.834049,6.889084,18.110676,13.273416,8.820456,6.345287,88.083999,-692.716003,-715.164002,12110.000000,4550.000000,2170.000000
7.753928,9.489643,14.698345,19.349804,9.393445,27.801242,8.546792,17.033410,16.296708,12.694914,10.268286,7.001573,18.640606,13.743612,8.844323,6.400291,86.864002,-696.619995,-714.432006,11690.000000,4270.000000,2100.000000
7.985708,9.644737,14.869025,19.501900,9.359290,29.101071,8.549432,16.722118,16.542394,12.893886,10.323555,6.971006,18.667901,13.786842,8.884614,6.438710,88.084000,-696.620025,-715.164002,10850.000000,3920.000000,2240.000000
7.974595,9.851263,14.968166,19.455726,9.351778,29.242111,8.593752,16.781525,16.699184,12.983299,10.398585,7.005604,18.752441,13.790767,8.861322,6.450696,91.256000,-697.839996,-711.260010,10570.000000,3990.000000,2310.000000
8.035011,10.306461,15.663422,19.880097,9.365588,29.246436,8.617422,17.052953,17.615025,13.733605,10.938276,7.095643,19.490421,14.355558,9.129980,6.567663,90.524002,-695.644012,-711.992005,10430.000000,4130.000000,2520.000000
8.352318,10.913661,16.250032,20.156897,9.358178,29.290269,8.521201,17.099148,18.492284,14.572237,11.603699,7.346250,20.426287,15.051793,9.485613,7.142188,91.988003,-695.156006,-708.088013,9800.000000,3990.000000,2660.000000
8.466563,10.935836,16.273804,20.147807,9.359464,29.268738,8.537022,17.015729,18.550077,14.579684,11.606064,7.333984,20.481798,15.073089,9.514274,7.481721,93.696003,-696.132019,-706.868011,8960.000000,4130.000000,2590.000000
8.698337,11.003315,16.362573,20.149131,9.393127,29.435289,8.540290,17.003378,18.775622,14.891451,11.738754,7.371455,20.853521,15.468155,9.514704,7.690354,92.475998,-693.936005,-708.087982,7770.000000,3990.000000,2590.000000
8.824962,10.977938,16.433854,20.660311,9.558092,30.306170,8.553334,17.646227,18.962141,15.028378,11.849714,7.295862,21.145572,15.788879,9.686410,7.708466,92.476001,-692.472015,-708.820007,5670.000000,3360.000000,2380.000000
8.992768,10.954852,16.444755,20.919681,9.605680,31.034384,8.497495,18.240991,18.970142,14.966932,11.834635,7.203295,21.109293,15.763910,9.732260,7.697593,91.500000,-694.912018,-704.428009,3990.000000,2660.000000,2310.000000
9.226025,10.855023,16.195548,20.605383,9.533315,30.839234,8.497079,17.575024,18.927149,14.918543,11.766431,7.173515,21.229091,15.868728,9.796678,7.747622,93.208000,-692.716034,-706.623993,2310.000000,1190.000000,1960.000000
9.289209,11.035513,16.236854,20.392505,9.514123,30.348188,8.509911,16.910256,18.863968,14.974872,11.810458,7.215230,21.123607,15.801155,9.798750,7.775042,91.256000,-687.836029,-707.356018,1190.000000,140.000000,1820.000000
9.237007,10.929054,16.083508,20.108319,9.497800,30.084558,8.589179,16.841495,18.790842,14.984710,11.748101,7.226957,21.154918,15.794303,9.773569,7.828412,88.084000,-685.395996,-706.135986,-140.000000,-1120.000000,1330.000000
9.347065,10.942055,16.142521,20.409433,9.640529,30.281986,8.700369,17.181843,18.806018,14.980259,11.752588,7.228864,21.057099,15.798771,9.831415,7.950816,87.352002,-684.420013,-707.112000,-1120.000000,-1750.000000,1050.000000
9.535312,10.999975,16.245581,20.669467,9.690993,30.463636,8.688070,17.678340,18.765596,14.986615,11.834953,7.125176,20.917332,15.700220,9.916783,8.456095,89.060001,-682.468017,-702.963989,-1680.000000,-2240.000000,560.000000
10.066242,11.438210,16.636683,20.732159,9.978501,30.576761,8.779538,17.645438,18.848740,15.194087,12.090759,7.276397,20.835032,15.542784,9.912033,8.557020,86.375999,-680.760010,-703.696015,-2730.000000,-3010.000000,70.000000
10.367960,11.511250,16.603314,20.616907,10.051072,30.460267,8.821638,17.560640,18.842646,15.225392,12.175096,7.352756,20.801401,15.539722,10.036993,8.849283,83.936001,-683.200012,-701.012023,-3990.000000,-2730.000000,-280.000000
10.681033,11.654854,16.590686,20.591784,10.366943,30.477104,9.169496,17.361362,18.873475,15.290667,12.250545,7.473809,20.811280,15.569417,10.061543,9.043423,85.888004,-682.467987,-701.500000,-4760.000000,-2870.000000,-560.000000
11.101131,12.046228,16.723279,20.666235,10.767678,30.555732,9.669590,17.160939,19.037070,15.551280,12.535919,7.857155,20.908134,15.733105,10.312359,9.503459,85.644001,-680.272003,-700.768036,-6090.000000,-3220.000000,-1120.000000
11.701437,12.861098,17.243903,21.112266,11.314763,31.224711,10.065846,17.443960,19.319699,16.193237,13.140200,8.782018,20.858192,16.050912,11.568856,10.421834,81.251998,-678.320007,-703.940002,-7560.000000,-3780.000000,-1610.000000
12.410502,14.028719,18.523509,22.487154,11.999547,32.234959,10.323636,18.557714,20.240174,17.250702,13.944866,9.618589,21.599498,16.787117,13.381191,11.664946,79.299999,-678.808014,-696.376007,-9520.000000,-4270.000000,-1820.000000
13.003377,14.871550,19.605228,23.486531,12.683634,32.950544,10.771616,19.109972,20.934487,18.002640,14.460812,10.087350,22.233406,17.431343,14.747072,12.797078,79.788002,-679.052002,-693.204010,-12110.000000,-5040.000000,-2660.000000
13.295671,15.111794,19.663384,23.454416,12.750034,32.960138,10.899461,19.296590,20.973453,18.073262,14.749318,10.440291,22.128010,17.553497,15.193786,13.293335,80.520004,-684.420013,-694.911988,-12950.000000,-5250.000000,-3290.000000
14.210477,16.386107,20.480177,23.851546,13.559765,33.178143,11.788545,19.335095,21.772922,19.145922,15.989297,11.921536,23.312013,18.924137,17.792265,15.933625,76.860000,-692.471985,-694.911988,-15120.000000,-4620.000000,-3780.000000
14.691141,17.148956,21.017829,24.194811,13.970516,33.440106,12.392729,19.529371,22.258083,19.821387,16.685113,12.774215,24.400607,19.965128,19.263526,17.404905,78.812000,-691.007995,-693.448028,-17290.000000,-5180.000000,-4340.000000
14.909216,17.605926,21.359605,24.412108,14.372382,33.442780,13.008801,19.525445,22.397879,20.083438,17.002089,13.262450,24.371413,20.121924,20.101196,18.414337,78.812004,-695.399994,-692.228028,-18200.000000,-5530.000000,-4690.000000
14.908268,17.780877,21.519541,24.649570,14.653936,33.449919,13.323626,19.520913,22.403233,20.044745,17.020956,13.293033,24.421907,20.049592,20.167985,18.488035,79.788002,-696.132019,-692.960022,-19320.000000,-5810.000000,-5180.000000
14.910627,17.945183,21.786309,25.144628,14.748734,33.482608,13.474376,19.524471,22.621960,20.138826,17.140728,13.287637,24.529196,20.028863,20.262829,18.485023,79.299999,-697.108002,-693.447998,-20580.000000,-6090.000000,-5600.000000
14.847199,17.939938,21.757299,25.235046,14.741439,33.479209,13.674437,19.559216,22.707790,20.179369,17.119639,13.287774,24.667411,20.161177,20.487462,18.603699,80.520001,-703.696014,-686.616027,-21490.000000,-6160.000000,-5740.000000
14.772002,17.925779,21.668997,25.105471,14.762474,33.455797,13.923199,19.558070,22.751193,20.220114,17.000323,13.298336,24.612082,20.193463,20.550609,18.731299,78.812000,-704.915985,-689.300018,-22260.000000,-6230.000000,-5740.000000
14.622064,17.876788,21.502838,24.934549,14.534084,33.411246,13.896894,19.803749,22.639146,20.126702,16.729487,13.319594,24.584779,20.212999,20.321282,18.631645,82.960003,-705.648011,-692.228027,-22890.000000,-6300.000000,-5600.000000
14.569260,17.963622,21.626757,25.021888,14.397685,33.211666,13.786067,19.787279,23.179382,20.532331,16.785249,13.462946,25.089844,20.421942,20.279534,18.542152,79.056004,-708.332001,-688.811981,-24080.000000,-6580.000000,-5740.000000
14.597618,18.047988,21.737336,25.045125,14.403334,33.131053,13.798027,19.730797,23.287671,20.596678,16.779784,13.474352,25.089428,20.452613,20.367113,18.566501,80.032001,-713.212006,-689.544007,-25480.000000,-7490.000000,-5880.000000
14.645610,18.022427,21.767785,24.965011,14.604042,33.215669,13.968869,20.152185,23.286597,20.592676,16.762972,13.464327,25.065370,20.462248,20.470517,18.603149,80.276001,-711.015991,-694.424012,-27300.000000,-8680.000000,-6090.000000
14.649658,18.078451,21.925671,25.381822,14.962205,33.296243,14.239654,20.824746,23.342959,20.578945,16.836824,13.463398,25.064218,20.606996,20.802714,18.776009,79.300003,-712.724029,-693.691986,-28140.000000,-9240.000000,-6230.000000
14.750764,18.204003,22.104565,25.797016,15.316850,33.279259,14.604423,20.995565,23.447664,20.581259,16.914228,13.475903,25.005241,20.594909,20.841041,18.873683,79.787998,-711.748016,-696.132020,-28980.000000,-10220.000000,-6580.000000
14.852606,18.336287,22.242036,25.912195,15.350812,33.171217,14.661667,21.054039,23.572123,20.710787,17.081219,13.472636,25.069486,20.644174,20.779833,18.974785,73.931999,-714.432007,-689.056000,-28840.000000,-10850.000000,-6720.000000
14.989036,18.508394,22.497598,26.028463,15.299755,32.999226,14.524529,20.981699,23.630407,20.939941,17.354191,13.546494,24.997262,20.709754,20.912273,19.169923,82.472000,-710.772003,-697.108002,-28910.000000,-11480.000000,-6790.000000
15.053979,18.605759,22.577821,26.032965,15.222167,32.790917,14.412212,20.705895,23.721194,21.025359,17.399598,13.593605,25.145622,20.713296,20.912669,19.178645,80.276001,-707.112030,-693.204010,-28350.000000,-10920.000000,-7070.000000
15.053678,18.694085,22.816945,26.427068,15.170863,32.858665,14.300451,20.602750,23.894035,21.090583,17.346537,13.587121,25.028755,20.562353,20.802064,19.035717,81.740001,-705.891998,-696.620025,-28770.000000,-11340.000000,-7420.000000
15.137368,18.783496,22.957253,26.656312,15.353477,33.116658,14.336348,21.261356,23.941304,21.100426,17.344631,13.585961,25.356495,20.821605,20.783540,19.002243,82.472000,-703.451996,-693.691986,-28840.000000,-11620.000000,-7350.000000
15.232148,18.795243,22.935545,26.616912,15.768447,32.990762,14.650742,21.567923,23.946688,21.126672,17.367141,13.542344,25.423623,20.812389,20.793838,19.006519,82.960003,-701.743988,-692.227997,-28840.000000,-12040.000000,-7420.000000
15.264315,18.829208,23.036190,27.031964,15.765708,32.037287,14.716025,21.427218,24.157819,21.197540,17.435058,13.451574,25.668400,20.711819,20.929332,19.005022,83.203998,-699.548004,-696.376007,-28980.000000,-12110.000000,-7490.000000
15.199870,19.029785,23.355103,27.755690,15.687388,30.734796,14.620953,22.018192,24.575472,21.441930,17.616787,13.418935,26.006128,21.002940,21.282064,19.153613,82.715999,-700.768006,-699.791992,-29400.000000,-11970.000000,-7420.000000
15.144767,19.079737,23.402500,27.882694,15.680045,29.520664,14.537224,22.262207,24.495279,21.303691,17.578039,13.282664,25.745855,20.926529,21.164404,19.183946,80.032001,-700.036010,-698.816010,-30030.000000,-11830.000000,-7630.000000
15.243200,19.229474,23.541659,28.148828,15.734283,29.287865,14.526788,22.348826,24.575586,21.465103,17.772108,13.292300,25.790441,21.022330,21.171555,19.196538,81.740002,-698.816010,-704.671997,-30940.000000,-12390.000000,-7770.000000
15.225470,19.198919,23.505840,28.256060,15.632263,29.309577,14.544483,22.403108,25.103499,21.989400,18.075417,13.374731,26.523698,21.531375,21.598208,19.203827,81.007999,-699.059998,-706.868011,-31360.000000,-13370.000000,-7630.000000
15.275816,19.347407,23.871165,28.704973,15.615268,29.286776,14.543552,22.251672,26.480282,23.044198,18.436156,13.660178,27.838899,22.285089,22.072417,19.283069,80.520001,-700.768005,-710.283997,-31010.000000,-13650.000000,-7490.000000
15.286102,19.328803,23.944092,28.926477,15.674020,29.092265,14.520350,23.322876,26.645444,23.278463,18.443175,13.969335,28.104233,22.474610,22.167111,19.297624,79.299999,-701.256012,-708.820007,-29960.000000,-13510.000000,-7420.000000
15.450862,19.888905,25.350010,30.778266,16.020923,28.324892,14.608780,25.802399,28.141780,24.078227,18.880251,13.961964,29.127490,23.060463,22.131544,19.312980,78.812000,-696.376007,-705.892029,-28840.000000,-13090.000000,-7280.000000
15.537597,20.170719,25.666333,30.703217,16.498957,27.792383,14.766654,25.717720,28.587126,24.437158,19.048648,13.894798,30.011747,23.571437,22.076005,19.311917,78.812000,-693.692016,-706.380005,-28490.000000,-12810.000000,-7490.000000
15.466593,20.134377,25.393968,30.059916,16.604830,26.449924,14.807510,25.623873,28.267067,24.223932,18.879865,13.800709,30.188775,23.582329,22.181912,19.330674,80.032001,-693.691986,-711.748016,-28210.000000,-12810.000000,-7700.000000
15.336915,20.085041,25.385990,29.903735,16.590515,25.263529,14.807937,25.769082,28.271872,24.222415,18.877263,13.752789,30.441966,23.779429,22.550856,19.523045,80.520000,-689.544007,-707.355987,-27370.000000,-12460.000000,-7840.000000
15.398441,20.022109,25.553221,30.234865,16.633051,25.494464,14.778575,26.617775,28.567822,24.361722,18.872509,13.743041,30.814129,23.923478,22.582274,19.540010,77.104000,-692.959992,-708.088013,-27020.000000,-12180.000000,-7980.000000
15.493719,19.828983,25.474291,30.304654,16.657041,25.584128,14.766479,26.717955,28.633108,24.309078,18.676267,13.711737,30.824802,23.801136,22.469427,19.527561,77.592003,-694.180023,-706.624024,-27090.000000,-12180.000000,-8330.000000
15.361236,19.436504,25.152940,30.148228,16.657925,25.616221,14.804168,26.791008,28.298838,24.004787,18.315714,13.550683,30.390946,23.468134,22.432397,19.316175,69.784000,-693.936005,-697.351989,-27650.000000,-11620.000000,-8400.000000
15.343163,19.527839,25.217826,30.259715,16.782083,25.779451,14.856131,26.789560,28.290723,24.029826,18.314388,13.558184,30.485763,23.573075,22.521999,19.200860,73.444000,-694.424012,-699.304016,-28980.000000,-12460.000000,-8820.000000
15.310259,19.547542,25.425782,30.406254,16.786252,25.556285,14.855693,26.910483,28.429743,24.026041,18.386960,13.472055,30.641220,23.570569,22.712098,19.175205,72.224003,-697.108002,-696.376007,-29190.000000,-12320.000000,-9100.000000
15.289656,19.653055,25.563941,30.203633,16.781215,24.554167,14.973925,26.447286,28.751112,24.227229,18.482634,13.452389,31.000915,23.666426,22.947155,19.254618,69.784000,-700.768005,-699.548004,-29820.000000,-12320.000000,-9240.000000
15.381973,19.985197,25.811221,30.366701,16.868064,24.951337,15.013917,26.885599,28.883791,24.396383,18.555110,13.518228,31.178099,23.752832,23.016338,19.269114,71.492000,-701.011993,-697.839996,-29680.000000,-12600.000000,-9450.000000
15.460072,20.211210,26.037773,30.556382,16.924519,25.482512,15.096958,27.160179,29.079870,24.710396,18.739138,13.851179,31.434192,23.905832,23.129936,19.335544,73.444000,-702.476013,-698.084014,-29610.000000,-12670.000000,-9450.000000
15.511194,20.023175,25.859345,30.379067,16.905178,25.598229,15.122872,27.085472,29.217356,24.916430,18.740150,14.152393,32.385190,24.384398,23.435280,19.477508,75.152000,-704.916016,-704.916015,-29190.000000,-12390.000000,-9450.000000
15.588163,19.965065,25.872240,30.474933,16.889997,25.862491,15.089394,27.272143,29.398645,24.956844,18.647332,14.244478,32.969286,24.589062,23.452458,19.446907,77.836002,-703.696014,-719.556000,-27580.000000,-11830.000000,-9170.000000
15.578554,20.021777,26.134228,30.784929,16.924466,26.430515,15.011579,27.759125,29.616043,25.039102,18.654693,14.248216,33.135248,24.609062,23.426898,19.400925,79.056000,-707.356018,-716.627991,-26110.000000,-11340.000000,-8750.000000
15.488451,19.946065,26.096795,30.692202,17.096215,26.990956,15.049420,27.686890,29.542740,24.966224,18.556649,14.206022,33.167294,24.668316,23.414352,19.196045,81.252003,-701.988006,-724.436005,-23730.000000,-10850.000000,-8400.000000
15.097891,19.520623,25.759730,30.569644,16.910126,26.851824,15.006608,27.595474,29.601237,24.891817,18.362152,14.062402,33.568835,24.787286,23.521271,19.166593,81.740002,-701.500000,-730.048004,-20790.000000,-9870.000000,-7840.000000
14.864221,19.474518,25.704873,30.654130,16.949446,26.914520,15.005004,28.102210,29.923561,25.127283,18.372149,14.049142,34.830097,25.415091,24.249329,19.340728,82.228000,-699.304016,-727.364014,-18270.000000,-8960.000000,-7280.000000
14.735389,19.721747,25.952458,31.009756,16.884276,26.949757,14.802608,28.725146,30.072482,25.289325,18.581740,13.985040,35.089336,25.654073,24.371940,19.329986,85.644001,-698.572022,-728.096008,-15260.000000,-7630.000000,-6650.000000
14.534205,19.904591,26.171986,31.199087,16.682280,27.276858,14.495697,29.214058,30.470405,25.618562,18.833040,13.824668,35.647837,26.035859,24.265020,19.112605,83.936001,-698.816009,-726.144013,-12810.000000,-6580.000000,-6020.000000
14.111670,19.551904,25.885802,30.836121,16.344169,26.854184,14.258071,29.071688,30.371776,25.478309,18.581339,13.477631,36.187591,26.027856,23.738339,18.660166,86.619999,-698.084014,-725.167999,-10570.000000,-6160.000000,-5390.000000
13.529415,18.753871,24.996072,29.861268,15.803978,25.918338,14.007613,28.222569,29.749483,24.922909,18.040208,13.189910,36.642522,25.767570,23.029159,18.107983,84.424003,-698.328003,-723.216003,-8470.000000,-6090.000000,-5110.000000
13.044747,18.140629,24.219379,29.061947,15.283002,25.357156,13.707414,27.576518,29.247138,24.416154,17.682823,13.008940,36.556476,25.408420,22.200194,17.328460,86.132000,-696.132019,-722.484009,-7000.000000,-5740.000000,-4690.000000
12.736167,18.050582,24.242855,29.193592,15.271201,25.821701,13.664518,27.416014,29.154052,24.308813,17.459831,12.820486,36.447562,25.288277,22.038703,17.221716,89.792000,-695.156006,-725.167999,-5530.000000,-5810.000000,-4690.000000
11.692873,17.076367,23.660503,28.980935,14.653951,26.340576,12.965090,27.390084,28.450883,23.434168,16.321472,11.455053,35.805467,24.376116,20.214314,15.006128,92.720001,-691.252014,-727.608002,-3990.000000,-6090.000000,-4340.000000
10.931336,16.187959,23.051586,28.565170,13.996895,26.845558,12.291417,27.342225,27.981933,22.804974,15.514159,10.375989,35.100364,23.568536,18.808619,13.198527,93.208000,-684.664032,-721.996002,-2380.000000,-6370.000000,-4340.000000
10.584236,15.649574,22.719784,28.388206,13.488306,27.510795,11.518407,27.397057,27.803533,22.543642,15.195548,9.587810,35.070944,23.544048,17.895550,11.749871,90.524002,-683.444000,-710.283997,-1190.000000,-7350.000000,-4130.000000
10.519765,15.446770,22.620968,28.412616,13.166852,27.591219,11.146028,27.390491,27.750857,22.478454,15.142559,9.433399,34.995394,23.581817,17.763431,11.635028,91.256002,-684.664002,-705.891998,-1120.000000,-7420.000000,-4340.000000
10.521703,15.329181,22.527480,28.258286,12.967118,27.541720,10.961182,27.570496,27.613074,22.388720,15.069225,9.411558,34.899269,23.540097,17.666434,11.676556,91.012001,-683.444000,-701.500000,-1540.000000,-7700.000000,-4480.000000
10.585996,15.379611,22.653525,28.261286,12.953487,27.677878,10.780070,27.685417,27.544765,22.347226,15.021824,9.458153,34.754702,23.362771,17.330579,11.444946,91.012001,-686.127991,-701.500000,-2870.000000,-8540.000000,-4550.000000
10.628909,15.328953,22.584636,28.294428,12.925102,27.679565,10.537898,27.678962,27.547123,22.288164,14.972043,9.485183,34.907566,23.364779,17.161433,11.225756,97.844001,-697.108032,-719.068024,-3990.000000,-9100.000000,-4480.000000
10.836918,15.321474,22.584486,28.405420,13.211104,27.735723,10.532813,27.620607,27.581116,22.284794,15.006967,9.410594,34.786903,23.259137,17.177847,11.203155,97.844002,-699.792023,-716.140015,-3150.000000,-8610.000000,-3780.000000
10.918822,15.176477,22.365701,28.279469,13.365990,27.737022,10.582550,27.894074,27.109565,21.919008,14.888183,9.078862,34.452463,23.042374,17.047272,11.144969,97.600002,-692.472015,-721.264007,-2660.000000,-8960.000000,-3360.000000
10.876171,15.097947,22.227477,28.202297,13.401916,28.108260,10.776554,27.868851,27.032547,21.898669,14.928870,9.014682,34.446730,23.040658,17.000125,11.032529,92.964001,-702.232025,-695.156006,-2310.000000,-9240.000000,-2730.000000
10.803284,15.162500,22.264210,28.399729,13.248825,29.019961,10.734291,27.448560,27.073427,21.962808,15.055753,9.023723,34.512417,23.116021,16.934320,10.945359,81.984001,-709.552002,-672.951996,-1680.000000,-9520.000000,-2170.000000
10.796861,15.092902,22.021988,28.095773,12.935371,29.989973,10.653063,26.910983,26.833050,21.852772,14.867271,8.883634,34.623705,23.024497,16.642151,10.823475,107.848004,-716.628021,-786.168030,-1330.000000,-9800.000000,-1680.000000
10.712066,14.892287,21.707530,27.576978,12.434900,30.931778,10.300324,26.806687,26.730246,21.853405,14.775846,9.063869,34.665224,23.057979,16.748973,10.908757,76.372001,-701.500000,-696.864014,6370.000000,-3150.000000,-70.000000
10.626070,14.742199,21.566310,27.547636,12.466927,31.829452,10.051958,27.105748,26.735487,21.825515,14.621419,9.091950,34.997624,23.332942,17.219942,10.972625,82.228001,-703.452027,-717.116027,5880.000000,-5670.000000,140.000000
10.575347,14.519892,21.317529,27.595307,12.584300,32.103050,10.064377,27.692144,26.597784,21.584746,14.388244,9.055654,35.077261,23.330277,17.136399,10.708521,77.592003,-698.328003,-729.803985,7700.000000,-5320.000000,1050.000000
10.712608,14.474791,21.333304,27.724271,12.663626,32.102852,10.037761,27.805899,26.835838,21.779259,14.536341,9.112547,35.450163,23.743867,17.180559,10.833099,79.543998,-702.720032,-720.288025,8470.000000,-5040.000000,1400.000000
10.893478,14.391618,21.130088,27.473761,12.712033,32.001543,9.981186,27.742742,26.698448,21.702506,14.518733,9.116543,35.540353,23.826364,17.208872,10.813207,75.152000,-747.128021,-693.936005,10150.000000,-4760.000000,1680.000000
10.920391,14.306688,20.978071,27.414255,12.571563,31.638872,10.091345,27.458989,26.696563,21.709494,14.509426,9.148552,35.386945,23.636888,17.224580,10.779603,91.500000,-728.828003,-723.216003,14840.000000,-4690.000000,2590.000000
11.196544,14.420481,21.227551,27.486067,12.188346,31.475245,9.740797,27.117344,26.864024,21.818893,14.739290,9.141985,35.349540,23.796783,17.627819,10.923926,52.216000,-645.624024,-740.296020,24150.000000,3080.000000,2870.000000
11.450541,14.508389,21.134865,26.841658,12.149811,31.640420,9.577675,27.115098,26.866709,21.894519,15.003426,9.084868,35.346715,24.084462,18.066666,11.302725,93.451999,-697.352020,-785.192017,17150.000000,-350.000000,3290.000000
11.479263,14.193885,20.844767,25.936587,12.066364,31.219051,9.711713,26.519677,26.463149,21.642881,14.748659,9.146274,35.193187,23.852945,17.652537,11.128741,83.936001,-684.907989,-731.755981,24290.000000,-3010.000000,4270.000000
11.423501,14.142022,20.837069,25.853193,12.096774,31.199429,9.809694,26.445862,26.386329,21.610393,14.740064,9.545327,35.198022,23.878981,17.656338,11.069201,112.484001,-756.400024,-815.448028,30520.000000,4550.000000,5670.000000
11.297092,13.862069,20.377112,25.547681,12.155021,31.149155,10.248656,26.571968,25.981738,21.265928,14.505935,9.896622,35.058482,23.722240,17.592057,11.046473,74.908000,-691.984009,-714.188019,43260.000000,10430.000000,7770.000000
11.203593,13.731754,19.930052,25.591213,12.172210,31.082733,10.602581,26.835162,25.111931,20.492015,14.184452,9.769110,34.506292,23.296813,17.125536,11.108055,68.319999,-617.076019,-698.816010,41440.000000,8610.000000,6090.000000
11.173853,13.577657,19.407072,25.315918,12.172884,31.127263,10.775362,26.899884,23.674354,19.401719,13.834335,9.476740,33.697510,22.904396,16.865792,11.279523,83.204001,-678.320007,-711.260010,29330.000000,-1750.000000,4200.000000
11.331526,13.714783,19.458178,25.470385,12.111158,30.891984,10.811114,26.203871,23.701788,19.387283,13.912580,9.268666,33.680660,22.960200,16.989257,11.463124,113.948002,-678.076020,-798.123992,32130.000000,-1540.000000,5390.000000
11.157715,13.003686,17.744690,23.851497,11.692481,30.427585,10.706251,24.043741,22.381958,18.641957,13.327538,9.386636,32.782427,22.415342,16.979506,11.439855,80.763999,-671.244019,-726.388000,38780.000000,7420.000000,6160.000000
11.023538,12.499053,17.175561,24.240760,10.941466,30.403363,10.273987,24.044458,21.554353,17.978448,12.912160,9.508579,31.950149,22.057808,17.306661,11.920248,75.396000,-646.112000,-678.076020,34650.000000,4270.000000,4760.000000
11.070718,12.494506,17.111205,24.620951,10.717317,30.145476,10.357605,24.285638,21.331819,17.819889,13.200315,9.646964,31.879717,22.182133,17.399360,12.155748,86.620003,-691.740020,-702.232025,30730.000000,-2800.000000,3360.000000
11.360992,12.983921,17.076956,24.666131,10.799957,29.818655,10.559461,24.530006,21.228289,17.673385,13.629649,9.847119,31.581425,21.922993,16.877531,11.822165,84.667999,-684.420013,-696.620026,30590.000000,-2590.000000,3640.000000
11.900905,14.077980,17.152985,24.580247,11.020211,30.177597,10.734580,23.521301,21.244749,17.820441,14.253181,9.942336,31.615173,22.284038,16.835949,11.784294,103.211998,-690.276001,-771.528015,27580.000000,-4270.000000,2310.000000
12.355109,14.923986,16.995107,24.567443,11.137425,30.883088,10.851627,23.233705,20.795848,17.641418,14.599602,9.978507,31.119590,22.185480,16.834248,11.731379,86.864002,-673.440002,-702.963989,28770.000000,-4340.000000,1680.000000
12.503937,15.136874,16.890175,24.625659,11.124196,31.487923,10.927112,23.152203,20.466979,17.297856,14.645879,10.019668,31.004323,22.068044,16.684818,11.764097,99.308003,-710.528015,-754.448028,26740.000000,-7770.000000,1610.000000
12.479724,15.029158,17.236173,24.617689,11.035867,32.043334,10.761615,23.445055,20.462608,17.269869,14.670724,10.165806,30.919631,22.022486,16.606911,11.889030,92.964001,-681.980011,-697.108002,32130.000000,-5600.000000,2800.000000
12.543256,15.008707,17.135128,24.480096,11.102827,32.360069,10.771933,23.366679,20.060576,16.947699,14.462029,10.136315,30.491633,21.785310,16.413978,11.877074,110.775998,-721.020019,-762.012023,26810.000000,-8540.000000,840.000000
12.623586,14.917773,17.199444,24.307464,11.054285,32.284533,10.594119,23.404811,19.537360,16.525798,14.234219,10.014323,29.940511,21.426483,16.041492,11.791876,97.111999,-688.568023,-756.156005,32200.000000,-4410.000000,1750.000000
12.491147,14.552441,16.838418,23.795463,10.922985,31.317686,10.525208,22.419625,19.517065,16.473327,14.238773,10.057690,29.930819,21.479048,15.915235,11.774535,100.040001,-723.704010,-763.720001,34510.000000,-2730.000000,2170.000000
12.337205,14.266836,16.505950,23.989843,10.904821,30.714588,10.421052,22.137962,19.178571,16.014125,14.026720,9.940030,29.572858,21.288339,15.709608,11.652396,90.768001,-710.040008,-727.119995,42560.000000,210.000000,4270.000000
12.331726,14.224427,16.630956,24.801864,10.947121,30.619272,10.423620,22.136509,19.076101,15.599591,13.853834,9.645420,28.651938,20.782207,15.290592,11.401142,78.323999,-683.444001,-671.243988,47810.000000,2170.000000,4690.000000
12.407442,14.297929,16.631456,25.179349,10.959015,30.415799,10.468239,22.198340,18.953474,15.621703,13.864690,9.796769,28.129813,20.633802,15.453154,11.500364,117.851997,-716.139984,-800.808014,40670.000000,-2450.000000,3640.000000
12.655635,14.474271,16.234523,24.779473,10.843784,29.719271,10.593542,21.495825,18.765718,15.653829,13.933732,10.093148,28.164221,20.760014,15.476973,11.506093,102.724002,-747.372009,-751.520019,49070.000000,5250.000000,5950.000000
12.901088,14.766541,15.985154,24.491106,10.452364,29.032361,10.477586,21.011978,18.847140,15.777335,14.161803,10.273094,28.253911,20.853072,15.469754,11.585623,67.587999,-713.944001,-637.328003,58240.000000,8330.000000,7840.000000
12.940197,14.908274,15.968303,24.486049,10.417515,29.176696,10.431871,21.089364,18.661905,15.629175,14.225384,10.327027,27.810070,20.749986,15.417923,11.697195,75.396000,-710.528015,-681.247986,48860.000000,2870.000000,5740.000000
12.957223,14.945489,15.964956,24.404212,10.283534,29.679956,10.395370,20.524556,18.360656,15.332317,14.218697,10.269538,26.748065,20.292158,14.758621,11.572053,81.984002,-736.880005,-706.623992,51800.000000,4760.000000,6020.000000
12.900604,14.659355,15.606126,24.014590,10.125294,30.143437,10.453481,19.800583,18.604583,15.465222,14.027282,10.332391,27.052714,20.519505,15.117767,11.691750,123.220001,-781.776032,-865.955994,52570.000000,3010.000000,7350.000000
12.795604,14.130911,15.016505,23.714165,10.063433,30.142839,10.538520,19.115222,17.827952,14.764275,13.490010,10.311814,26.182759,20.032075,15.203117,11.698213,85.399997,-778.115998,-778.115998,75530.000000,19180.000000,10360.000000
12.738303,13.985649,14.860131,23.872613,10.047042,30.238030,10.525059,19.114958,17.340746,14.304008,13.333854,10.231949,24.892113,19.563219,15.164054,11.756721,43.188003,-635.376007,-778.604004,82810.000000,24150.000000,10780.000000
12.605211,14.069031,14.801005,23.906659,9.987527,30.331829,10.511579,19.163818,17.519414,14.447849,13.458506,10.136355,24.128951,19.589199,15.415144,11.845622,121.268001,-722.484009,-882.304016,73640.000000,20160.000000,11480.000000
12.507952,14.097122,14.725173,24.041914,9.957546,30.304789,10.466111,19.169078,17.431071,14.385153,13.399651,9.975549,23.502329,19.467606,15.343086,11.822780,92.964002,-725.167999,-772.260010,94570.000000,27230.000000,17430.000000
12.488477,14.223233,14.663685,23.936168,9.805069,29.905593,10.429218,19.161887,17.434862,14.393800,13.366137,9.857787,23.530429,19.476705,15.124980,11.431329,60.024002,-435.784012,-748.348023,107940.000000,39760.000000,19740.000000
12.383647,14.274414,14.405267,23.726354,9.408865,29.349294,10.355198,19.388491,17.428678,14.405646,13.317521,9.881371,23.370640,19.378437,14.851511,11.221450,63.927999,-614.880005,-693.692016,73500.000000,22260.000000,12390.000000
12.378667,14.566985,14.431791,23.695218,9.374221,28.831839,10.302863,19.576145,17.543867,14.502187,13.280251,9.892242,23.397039,19.351284,14.875851,11.214045,112.972000,-681.980011,-810.812011,66920.000000,9800.000000,11690.000000
12.451684,15.213905,14.889408,23.852332,9.512543,28.814083,10.277514,19.983857,18.604907,15.314663,13.540823,9.963086,24.516079,19.946239,16.013828,11.645705,93.452003,-684.908020,-739.320007,81900.000000,20230.000000,15540.000000
12.469499,15.316283,15.023819,23.774747,9.546076,29.420568,10.204836,20.378930,18.882033,15.509166,13.547521,9.945956,24.882788,20.180880,16.426636,11.914076,81.495998,-657.335998,-735.660003,79660.000000,20370.000000,14700.000000
12.513839,15.426004,15.375124,23.694367,9.577576,29.853667,10.236724,20.380610,19.069507,15.748051,13.612381,9.989389,25.109415,20.322339,16.421188,11.993559,66.124003,-623.420013,-708.088012,73710.000000,17640.000000,13720.000000
12.559307,15.791115,15.824464,23.753204,9.619197,30.042955,10.206608,20.547211,19.777334,16.433913,13.902195,10.070195,25.952345,20.825082,16.817256,12.049415,71.492000,-674.171997,-652.700012,68810.000000,15190.000000,14210.000000
12.602786,16.271437,16.267670,23.758839,9.581775,30.129448,10.303054,20.532383,19.988367,16.745815,14.062906,10.105417,26.007147,20.936434,16.940057,12.055969,96.868000,-730.779999,-712.236023,67340.000000,9660.000000,14350.000000
12.638634,16.259382,16.198943,23.691281,9.453062,30.157296,10.320700,20.299908,19.810294,16.673372,14.019035,10.123037,25.926893,20.871468,16.987067,12.113972,58.072001,-640.255981,-694.423980,72240.000000,15540.000000,13860.000000
12.741893,16.290421,16.554507,24.239897,9.386764,30.152625,10.261534,19.888196,19.850241,16.642351,14.027344,10.141235,25.834827,20.864124,17.171352,12.289573,56.120001,-666.119995,-642.208008,60480.000000,10710.000000,9450.000000
12.717071,16.279764,16.661078,24.382016,9.251481,29.826067,10.029940,19.861846,19.916752,16.645319,14.042402,10.132039,25.879785,20.860041,17.090668,12.286276,87.840004,-679.783997,-727.852020,44240.000000,-4060.000000,6790.000000
12.829248,16.462351,16.783051,24.224136,9.650088,29.017060,10.065996,20.375527,19.858633,16.583947,13.995267,10.164495,25.768706,20.755874,17.039393,12.285828,60.024000,-659.287994,-634.399994,45150.000000,2730.000000,6510.000000
12.960092,16.692025,17.075683,23.981497,9.891225,28.038090,9.864869,20.649522,20.208968,16.887680,14.173611,10.257830,25.672922,20.734442,16.984486,12.161581,70.028002,-721.996002,-610.000030,35350.000000,-2240.000000,3990.000000
12.935177,16.644464,17.074401,23.872054,9.900827,27.000692,9.722197,20.609009,20.199186,16.863440,14.179730,10.095616,25.761295,20.756421,16.769521,11.934215,94.428001,-715.164001,-704.428009,31360.000000,-5670.000000,2170.000000
12.962564,16.651831,17.126584,23.776190,9.639845,25.910875,9.771918,20.135405,20.268890,16.893669,14.217761,10.088359,25.526124,20.534428,16.401277,11.633214,68.319999,-709.308014,-619.515992,32270.000000,-1330.000000,1190.000000
12.950317,16.635412,17.103147,23.501219,9.496516,25.559160,9.847426,19.297805,20.211928,16.901688,14.181660,10.066895,25.395004,20.423878,16.344047,11.559390,125.660004,-759.084015,-789.096009,24990.000000,-5320.000000,840.000000
12.791906,16.736009,17.157718,23.365938,9.407271,25.558546,9.885557,19.109933,19.839764,16.736636,14.087742,9.992425,24.805219,20.010927,16.407248,11.466126,89.060001,-692.472015,-739.075988,35000.000000,5950.000000,2870.000000
12.659281,16.772525,17.139491,23.261332,9.277836,25.553868,9.865570,19.052065,19.911686,16.856941,14.115546,9.992445,24.875726,20.058973,16.589328,11.491826,68.076000,-725.900024,-624.152008,31220.000000,4130.000000,2940.000000
12.578823,16.793883,17.149044,23.102997,9.120992,25.562442,9.684869,18.732877,19.926549,16.887496,14.109951,10.004039,24.839704,20.079594,16.714420,11.499870,75.884001,-706.380036,-661.484009,29680.000000,-1750.000000,3780.000000
12.308517,16.739008,16.892325,22.990735,9.040704,25.376814,9.631343,18.738960,19.595774,16.598504,13.887862,9.992021,24.468304,19.603658,16.274774,11.354099,110.775997,-715.408020,-784.704010,34300.000000,3990.000000,4130.000000
12.104867,16.632193,16.770040,22.897514,9.048421,25.197418,9.617876,18.741873,19.126643,16.262953,13.514777,10.007305,23.916972,18.955319,15.496746,10.951305,59.048001,-676.855988,-656.116028,34650.000000,7980.000000,5180.000000
12.134982,16.617029,16.576165,22.799329,9.061340,25.188264,9.461108,18.735320,19.071829,16.202331,13.483848,9.892979,23.814737,18.874306,15.528461,10.882884,114.680000,-708.576019,-781.531982,28490.000000,3360.000000,4550.000000
12.151980,16.569978,16.424150,22.714238,8.981308,24.965526,9.374131,18.656110,19.069536,16.150882,13.432188,9.595023,23.759427,18.846690,15.662994,10.947336,62.219999,-695.156006,-627.079987,32550.000000,6510.000000,5250.000000
12.151432,16.592299,16.505625,22.618760,8.855212,24.775936,8.985365,18.433058,19.127193,16.133000,13.340485,9.250290,23.742150,18.869766,15.654880,10.973205,114.680004,-685.395996,-736.636017,30800.000000,3360.000000,5460.000000
12.093511,16.542608,16.648278,22.335998,8.845345,24.821143,8.540163,17.905713,19.171468,16.180800,13.087818,9.351564,23.734268,18.801491,15.571616,10.844643,48.068001,-674.415986,-593.408020,34230.000000,7770.000000,5110.000000
11.960192,16.444773,16.636610,22.074941,8.840685,24.813561,8.396092,17.801976,19.037425,16.059512,12.876383,9.331407,23.396923,18.447059,15.183512,10.483344,96.380001,-721.264008,-740.540008,23240.000000,630.000000,3990.000000
11.778005,16.288786,16.380615,21.601886,8.793636,24.871815,8.544550,17.263650,18.760518,15.727184,12.828397,9.210436,23.103327,18.195781,14.885471,10.261806,62.707998,-701.988006,-672.708008,34930.000000,9940.000000,6440.000000
11.780468,16.257413,16.218961,20.939644,8.781004,25.038044,8.795317,16.676595,18.503109,15.452673,12.846687,9.112836,22.954240,18.082653,14.976561,10.500189,73.444000,-732.000000,-665.876007,29820.000000,6440.000000,5670.000000
11.871744,16.413767,16.274870,20.448150,8.865420,25.021598,9.102705,16.794757,18.459527,15.401941,12.869196,9.021992,22.452288,17.579631,14.678210,10.055679,62.464001,-684.907989,-602.436005,30660.000000,5810.000000,4970.000000
11.943708,16.470335,16.468785,20.264918,9.001280,25.021966,9.123423,16.085627,18.680377,15.621012,12.671016,8.953511,21.949250,17.081881,14.570327,9.809062,93.452003,-746.640015,-691.740021,21980.000000,210.000000,3290.000000
11.719801,16.206655,16.413625,20.156369,8.926600,25.318852,8.992516,15.303924,18.714304,15.698176,12.236609,8.729225,22.037517,17.053694,14.791899,9.890656,96.624000,-670.511993,-772.260010,25270.000000,980.000000,3990.000000
11.174470,15.484420,16.133250,19.843585,8.757337,24.609221,8.960018,15.595118,18.096908,15.221476,11.460961,8.577640,21.195008,16.238333,14.790515,9.953670,69.052002,-697.352020,-680.028015,24010.000000,10010.000000,3360.000000
10.585896,14.777387,15.892066,19.357779,8.687728,23.663996,8.788822,15.616705,17.710128,14.889175,10.839228,8.475326,21.160157,16.076166,14.794998,10.057754,72.468002,-710.040008,-644.648010,22050.000000,2380.000000,3010.000000
10.347605,14.636757,16.039578,19.325630,8.689519,22.753931,8.545073,15.555838,17.699981,14.890288,10.598931,8.369229,21.064842,16.029363,14.786970,10.061628,86.619999,-712.480011,-658.312011,22400.000000,3920.000000,2520.000000
10.336331,14.683214,15.841359,19.470243,8.541790,21.953759,8.640971,15.165157,17.950521,15.006127,10.660619,8.225297,21.205471,15.990195,14.717797,9.876993,75.396002,-724.436005,-643.915985,24220.000000,5040.000000,2870.000000
10.175590,14.656127,15.632229,19.549575,8.432179,22.032088,8.748414,15.132523,18.022969,15.057927,10.691890,8.187734,21.256018,15.917447,14.637488,9.785120,88.084003,-715.164002,-712.723999,21000.000000,2590.000000,1750.000000
9.965983,14.601891,15.283911,19.562766,8.308679,22.644482,8.843219,15.073048,17.970679,15.079692,10.726569,8.184118,21.387446,16.005852,14.568450,9.718964,77.104002,-672.220032,-669.780029,20440.000000,3710.000000,1470.000000
9.865774,14.516724,15.166209,19.565655,8.337546,22.932658,9.092036,15.197561,17.743732,14.899352,10.602887,8.039382,21.185039,15.784579,14.557003,9.703418,92.231998,-701.012024,-674.416015,15470.000000,-350.000000,770.000000
9.774275,14.475665,15.138044,19.135752,8.289630,23.151161,9.205950,15.509916,17.694977,14.861313,10.557980,7.813967,21.124619,15.661970,14.557022,9.693031,95.892002,-705.891998,-681.248016,16730.000000,-140.000000,1120.000000
9.750464,14.690713,15.149914,18.438893,8.427103,23.179451,9.406368,16.352522,17.501707,14.852173,10.711882,7.748779,20.977085,15.641642,14.534659,9.688336,86.864002,-715.895996,-673.684021,15610.000000,1260.000000,980.000000
9.632994,14.766670,15.054566,17.767027,8.481690,23.103932,9.419429,16.378752,17.180913,14.629386,10.822992,7.434675,20.667123,15.509251,14.306105,9.569284,79.788002,-704.916016,-660.507995,14350.000000,-1890.000000,280.000000
9.243011,14.565208,15.059884,17.445242,8.440008,23.141340,9.289787,16.148745,16.965534,14.466171,10.740797,7.037598,20.279191,15.231079,14.280813,9.561705,95.647999,-717.604004,-696.620026,12600.000000,-2660.000000,210.000000
8.758405,14.201688,15.110943,17.516892,8.385989,23.085178,9.220658,16.140018,17.021118,14.469066,10.525225,6.820787,20.260207,15.018833,14.195459,9.418195,73.932001,-698.572022,-655.384003,13510.000000,-1820.000000,140.000000
8.673486,14.056080,15.127978,17.586964,8.380507,22.851089,9.233816,16.073857,17.054827,14.495332,10.403193,6.757852,20.282367,14.992380,14.162397,9.309155,85.400002,-712.968018,-659.776001,8540.000000,-5670.000000,-420.000000
8.662064,13.921540,15.100660,17.524761,8.351552,22.103225,9.247104,15.934333,16.834098,14.338158,10.219452,6.761526,19.764873,14.579459,13.549154,8.834932,83.936001,-722.728027,-636.596008,8190.000000,-6440.000000,-490.000000
8.653432,13.748385,14.970160,17.328188,8.323100,21.124694,9.157589,15.743272,16.285111,13.897806,9.982812,6.627495,18.858022,13.863002,12.906889,8.504252,88.572002,-706.380005,-697.596009,6160.000000,-5250.000000,-840.000000
8.664685,13.726305,14.965148,17.040004,8.306426,20.337931,9.037710,15.738772,16.172463,13.823789,9.907748,6.521867,18.703388,13.724192,12.796758,8.486583,90.036003,-708.088013,-683.200012,3850.000000,-4830.000000,-700.000000
8.650220,13.752324,15.012165,16.676521,8.238830,19.705198,9.037672,15.706380,16.203424,13.898749,9.908531,6.516832,18.788180,13.781385,12.810823,8.351065,81.008002,-727.852020,-652.455994,3360.000000,-5110.000000,-420.000000
8.653049,13.619197,14.980151,16.366638,8.204851,19.143994,9.064237,15.646686,15.959785,13.587599,9.697778,6.341633,18.119141,13.296829,11.990497,7.770171,92.964001,-704.672028,-692.960022,3850.000000,-5250.000000,-70.000000
8.617748,13.560155,15.098881,16.145818,8.198007,18.701466,9.064887,15.797309,15.997881,13.625883,9.759753,6.293189,18.216920,13.352691,12.011109,7.821151,82.715999,-717.604004,-674.172028,630.000000,-4130.000000,-700.000000
8.693945,13.354301,15.086202,16.192510,8.223104,18.729935,9.132036,15.838347,16.042346,13.658959,9.810153,6.233076,18.241478,13.320882,12.000482,7.789428,95.892002,-698.816010,-757.131989,-210.000000,-4690.000000,-280.000000
8.766531,13.137974,15.075209,16.139460,8.205201,18.497858,9.134043,15.575526,16.073273,13.674705,9.845617,6.201422,18.237288,13.305879,11.991298,7.752984,69.295999,-709.308014,-658.312012,2520.000000,700.000000,490.000000
8.800302,12.829619,15.039819,16.124988,8.206109,18.110914,9.158705,15.216705,15.979861,13.597747,9.758809,6.254109,18.188031,13.279863,11.931548,7.764167,84.180001,-730.291992,-661.484009,-700.000000,-3990.000000,490.000000
8.649027,12.089867,14.568063,15.792137,8.096471,17.060065,9.208245,14.672664,14.714359,12.656007,9.143464,6.250284,16.483385,11.982190,10.349786,7.036480,101.016003,-710.772003,-735.660004,1400.000000,-2310.000000,840.000000
8.626982,11.958980,14.356770,15.600311,8.086219,15.814464,9.250613,14.278152,14.341329,12.431789,9.034179,6.263441,15.800119,11.320604,9.634701,6.389118,78.568000,-711.260010,-706.380035,280.000000,1610.000000,560.000000
8.587022,11.689664,13.668477,15.157430,7.986280,15.217650,9.166024,13.996956,13.908230,12.063739,8.839752,6.277069,15.424196,11.059882,9.658046,6.147544,81.495998,-711.503997,-714.919983,-350.000000,-70.000000,630.000000
8.606729,11.050362,12.812956,14.852863,7.864350,15.544798,9.165833,13.709107,12.800477,11.067144,8.331970,6.128840,14.066978,10.154794,9.035164,6.062734,74.664001,-713.212006,-687.835998,3080.000000,2940.000000,1820.000000
8.641799,10.263721,12.262892,14.723061,7.870376,16.202302,9.100340,13.818344,12.246890,10.554383,8.135808,6.073149,13.511676,9.757529,8.800852,6.026174,81.740001,-675.391998,-711.016022,3290.000000,3570.000000,2030.000000
8.460304,10.143255,12.185644,14.477872,7.583544,16.931841,9.055701,14.076613,12.241805,10.516538,8.134570,5.997952,13.535501,9.749949,8.669536,5.888989,75.884003,-695.156037,-697.351990,490.000000,4340.000000,1680.000000
8.376455,10.218577,11.871048,13.659906,7.349597,17.268486,9.042311,14.067059,12.439156,10.815563,8.344615,6.223465,13.554514,10.004141,8.640885,5.671266,78.568000,-706.136017,-687.592011,350.000000,3010.000000,1750.000000
8.511438,10.319485,11.874479,13.624546,7.346978,17.396244,9.033379,14.016999,12.508582,10.969391,8.358118,6.312872,13.602845,10.138372,8.869432,5.781747,78.568001,-705.648011,-699.548035,1050.000000,4340.000000,1890.000000
8.287310,9.973943,11.605467,13.462366,6.776360,17.179685,8.876762,13.270572,12.411746,10.901457,8.272002,6.248966,13.557266,10.076042,8.849266,5.793534,76.371997,-705.403992,-691.984009,490.000000,3920.000000,1540.000000
7.991213,9.400905,11.077859,13.208303,6.221795,16.991567,8.793328,12.808359,11.823351,10.435539,7.983492,6.098838,13.183594,9.928026,8.669237,5.787050,75.639999,-702.963990,-692.228028,-490.000000,3010.000000,1190.000000
8.064321,9.735794,11.658084,13.689652,6.276031,16.982822,8.723845,12.856717,12.141620,10.797164,8.172967,6.121365,12.905031,9.813517,8.680142,5.782844,76.372002,-697.840027,-693.692017,-980.000000,3500.000000,1050.000000
8.129476,9.867953,11.745804,13.752806,6.297446,17.283604,8.682805,13.001116,11.923665,10.759828,8.238471,6.078840,12.288281,9.470480,8.364202,5.803657,76.372002,-702.476013,-695.888001,-2100.000000,2940.000000,560.000000
8.176813,9.896142,11.758889,13.823352,6.296578,17.752908,8.584942,12.971287,11.961109,10.772096,8.251964,6.079183,12.209918,9.435176,8.365108,5.884888,73.931999,-699.792023,-691.496002,-2940.000000,2660.000000,-140.000000
8.263879,9.620475,11.450388,13.503241,6.233327,18.096051,8.522448,12.934390,11.644838,10.455703,7.995500,5.997138,11.948621,9.272990,8.259582,5.971191,72.224003,-706.867981,-683.688019,-4270.000000,1890.000000,-910.000000
8.223956,9.583850,11.423358,13.482214,6.279956,18.291466,8.606507,12.942732,11.422875,10.153291,7.880410,5.966651,11.429918,8.907692,7.804825,5.961765,72.468003,-710.283997,-683.444000,-5110.000000,1050.000000,-1750.000000
8.225933,9.522114,11.447774,13.498139,6.316880,18.902287,8.625774,12.827636,11.291860,10.074669,7.932505,5.988419,11.144140,8.826778,7.487073,5.954225,74.176003,-716.872009,-685.639984,-5810.000000,420.000000,-2660.000000
8.263127,9.637461,11.665512,13.712460,6.559079,19.868146,8.724844,13.080601,11.394672,10.156251,7.932003,6.050428,11.179877,8.899912,7.486777,6.003534,73.688000,-721.264007,-686.615997,-6300.000000,-140.000000,-3500.000000
8.287778,9.779519,11.899072,13.936845,6.677165,20.500553,8.803898,13.372151,11.683809,10.383744,8.005155,6.081573,11.470105,9.083060,7.517380,6.063115,76.860001,-721.020019,-686.859985,-6230.000000,-280.000000,-4060.000000
8.206858,9.774057,11.906400,13.897953,6.673011,20.648301,8.797691,13.387185,11.686802,10.402263,7.997719,5.983172,11.387221,9.073855,7.410076,6.003202,77.591999,-719.800018,-688.567993,-6020.000000,-630.000000,-4410.000000
8.130433,9.748090,11.902620,13.778871,6.673205,20.649458,8.796687,13.280493,11.660609,10.388513,7.990371,5.872990,11.210313,8.977008,7.125026,5.826421,80.032001,-719.067993,-686.860016,-5530.000000,-490.000000,-4970.000000
8.015813,9.659122,11.741013,13.569386,6.779128,20.617703,9.015069,13.052758,11.589987,10.376056,8.007308,5.842081,11.268080,9.017359,7.234323,5.782464,82.472000,-718.092011,-691.007995,-5810.000000,-840.000000,-5390.000000
7.997602,9.593290,11.661297,13.482032,6.762965,20.709367,9.103641,13.064791,11.620060,10.452337,8.101304,5.611066,11.401068,9.181191,7.368593,5.771644,85.888004,-721.507996,-690.032013,-5460.000000,-1260.000000,-5880.000000
8.063759,9.643316,11.756611,13.710310,6.853010,20.776654,9.046504,13.060263,11.527676,10.303611,8.024465,5.585285,11.172711,9.011603,7.134780,5.758572,89.548004,-722.240020,-695.643982,-4620.000000,-1540.000000,-5880.000000
8.113795,9.633087,11.761235,13.701271,6.870434,20.917678,8.868725,13.016458,11.447730,10.236460,7.889999,5.663587,11.162813,9.011336,7.116443,5.828809,91.500000,-721.752014,-703.208008,-3360.000000,-770.000000,-5810.000000
8.045007,9.488843,11.683306,13.788157,6.801890,20.796146,8.599246,12.910713,11.310053,10.132613,7.801116,5.689728,10.963124,8.790748,6.888078,5.480863,93.696003,-720.044006,-711.016022,-1960.000000,-350.000000,-5460.000000
7.821018,9.127536,11.486710,13.649566,6.660088,20.640640,8.280256,12.771308,11.347024,10.058536,7.816575,5.623254,11.215674,8.899281,6.903935,5.445183,97.355999,-713.455993,-707.111999,140.000000,770.000000,-4900.000000
7.444559,8.588200,11.055701,13.087844,6.456104,20.431430,8.010724,12.622852,10.906785,9.655188,7.591736,5.580336,11.024636,8.799558,6.534989,5.267567,94.427998,-713.455993,-700.524018,1330.000000,1050.000000,-4550.000000
7.349710,8.442234,10.949582,12.873954,6.457779,20.062816,7.905595,12.387952,10.608887,9.410357,7.483491,5.632069,10.795160,8.667575,6.095873,5.124520,93.208000,-710.040008,-697.352020,1750.000000,350.000000,-4130.000000
7.313096,8.373934,10.856569,12.859538,6.225131,19.837443,7.713536,12.036653,10.903993,9.545859,7.622504,5.725373,11.198343,8.908895,6.512616,5.082929,90.768001,-702.476013,-694.668030,1540.000000,700.000000,-4340.000000
7.242178,8.283515,10.750555,12.845344,6.063824,19.790368,7.628332,11.979492,10.880253,9.500566,7.614721,5.739725,11.128753,8.809192,6.525679,4.873865,92.964001,-704.916015,-688.568023,840.000000,210.000000,-4550.000000
7.251687,8.200041,10.534548,12.698108,6.084958,19.789655,7.611873,12.023963,10.772653,9.427951,7.557070,5.718237,11.124539,8.785148,6.526019,4.771046,90.035999,-705.160004,-684.908020,140.000000,-630.000000,-4760.000000
7.275025,8.183228,10.242077,12.187534,6.211668,19.605803,7.510228,11.914185,10.413021,9.350378,7.443564,5.736105,10.890975,8.859490,6.529296,4.752979,92.964001,-709.308014,-690.519989,-630.000000,-1400.000000,-4830.000000
7.273684,8.139587,10.114556,11.968577,6.232162,18.991181,7.376802,11.818291,10.279223,9.303433,7.388524,5.738873,10.848889,8.888395,6.562895,4.826970,96.868000,-707.355987,-696.131989,-1190.000000,-1680.000000,-4620.000000
7.267818,8.138131,10.087819,11.924298,6.233024,18.261401,7.221451,11.858876,10.174805,9.240216,7.325908,5.661553,10.684261,8.804510,6.586786,4.875723,100.528000,-709.064026,-697.352020,-1750.000000,-1470.000000,-4130.000000
7.270330,8.167776,10.105621,11.953357,6.144824,17.808011,6.887897,11.696883,10.253118,9.331779,7.313661,5.580818,10.734817,8.856919,6.617354,4.871461,99.308003,-712.723999,-701.012024,-1540.000000,-840.000000,-3570.000000
7.241502,8.194533,10.077828,11.803009,6.123820,17.522087,6.663479,11.093167,10.270275,9.393703,7.308513,5.555369,10.742615,8.865573,6.646799,4.844249,99.064003,-717.847992,-696.619995,-1260.000000,70.000000,-2800.000000
7.115084,7.898315,9.756126,11.419248,5.875371,17.491222,6.307505,9.759831,10.200293,9.281438,7.234629,5.487054,10.770789,8.833854,6.626569,4.837670,97.600002,-719.556000,-691.984009,-840.000000,840.000000,-1960.000000
6.999447,7.734393,9.668179,11.384672,5.874518,17.451754,6.208402,8.869716,10.234353,9.230387,7.111871,5.501082,10.861170,8.877967,6.635443,4.834365,93.208000,-721.019989,-686.616028,-280.000000,1610.000000,-1470.000000
6.976795,7.675381,9.695810,11.492127,5.880273,17.339120,6.189594,9.007941,10.360634,9.288791,7.165127,5.523919,10.944026,8.957000,6.635672,4.800025,92.964001,-718.092011,-685.640015,-350.000000,1890.000000,-1120.000000
6.933428,7.631245,9.633206,11.407945,5.902948,17.368844,6.246377,9.100826,10.266531,9.193816,7.124174,5.552840,10.816648,8.982186,6.692271,4.907240,89.060001,-720.287994,-686.859985,-420.000000,2170.000000,-630.000000
6.955478,7.703410,9.698515,11.439291,5.938376,17.597337,6.267770,9.530530,10.287393,9.199751,7.118854,5.543040,10.755345,8.911766,6.520856,4.847018,89.304001,-718.579986,-686.372010,-560.000000,2170.000000,-420.000000
7.091118,8.209908,10.256754,11.892255,6.093733,17.822244,6.333642,9.941752,10.775918,9.701022,7.384717,5.733483,10.959932,9.000981,6.682921,4.996455,87.596000,-715.652008,-686.615998,-560.000000,2660.000000,280.000000
7.128956,8.543182,10.619635,12.087590,6.152005,17.832970,6.346991,10.057049,11.124149,10.150301,7.684290,5.899993,11.237858,9.234725,6.709083,5.032621,87.108002,-711.748016,-688.324005,-700.000000,3430.000000,910.000000
7.091836,8.588287,10.583906,12.070497,6.149157,17.883663,6.328609,9.954486,11.109801,10.220759,7.740479,5.957477,11.260803,9.277850,6.764955,5.056441,86.376003,-712.967987,-688.324005,-910.000000,3990.000000,1330.000000
7.081873,8.573076,10.510626,12.081338,6.159687,18.095448,6.320615,9.916591,11.063602,10.132458,7.678470,5.990841,11.139066,9.272461,6.757728,5.158909,86.132000,-710.528015,-690.764007,-1400.000000,4410.000000,1680.000000
7.102080,8.614797,10.591775,12.266182,6.204355,18.647883,6.249808,10.251684,11.149046,10.189027,7.663064,6.023094,11.213693,9.330292,6.751700,5.099354,83.936000,-709.307983,-690.276032,-1750.000000,4900.000000,1960.000000
7.157285,8.530900,10.371253,12.090824,6.236381,19.155706,6.252056,10.581407,11.161895,10.236537,7.638959,6.179218,11.206354,9.498345,6.925145,5.150266,81.252003,-704.916015,-690.031982,-2800.000000,4620.000000,1960.000000
7.196911,8.605031,10.428007,12.054762,6.333495,19.653257,6.175897,10.677652,11.112784,10.273991,7.612147,6.323077,11.112118,9.466084,6.921689,5.145221,79.787999,-705.160004,-689.787994,-4410.000000,4270.000000,1890.000000
7.176631,8.647775,10.514624,12.103659,6.397985,19.971836,6.147260,10.789100,11.154124,10.369052,7.595133,6.341429,11.128210,9.449311,6.914159,5.131178,78.812001,-707.600006,-691.496003,-5530.000000,3570.000000,1680.000000
7.082338,8.613680,10.515834,12.105183,6.486371,20.003847,6.165888,10.732813,11.095852,10.328857,7.617271,6.269301,11.011654,9.439448,6.892628,5.127068,73.931999,-710.772003,-694.667999,-7070.000000,3080.000000,1540.000000
7.067120,8.555245,10.502611,12.084899,6.467012,19.998245,6.089441,10.614081,11.063532,10.317349,7.673323,6.241155,10.958298,9.451396,6.887154,5.181798,76.127998,-714.920013,-693.448028,-8050.000000,2660.000000,1330.000000
7.078830,8.472739,10.434058,12.048167,6.453460,19.995026,6.026909,10.399396,11.034436,10.271237,7.659889,6.282182,10.944475,9.416390,6.898851,5.172597,71.736004,-718.092011,-694.667999,-8470.000000,2520.000000,980.000000
7.214706,8.637072,10.507451,12.180810,6.813365,19.785631,6.313992,10.301003,11.146591,10.347412,7.837778,6.527257,10.964194,9.455388,6.967998,5.417932,70.760002,-719.800018,-693.692016,-8540.000000,2240.000000,490.000000
7.194214,8.742273,10.552276,12.244019,6.973079,19.388532,6.481600,10.039071,11.221379,10.432798,8.009000,6.792826,10.947045,9.566353,7.250800,5.865366,72.712001,-726.631989,-692.471985,-8260.000000,2170.000000,210.000000
7.064597,8.788993,10.595557,12.341780,6.957877,19.317313,6.442917,10.094425,11.188457,10.416632,7.997412,6.874229,10.818406,9.547846,7.422187,5.990150,77.347999,-724.436035,-707.600006,-7560.000000,2030.000000,-350.000000
6.913568,8.805182,10.631607,12.363788,6.918742,19.089365,6.504843,10.130460,11.188691,10.439094,7.985602,6.920370,10.760726,9.574682,7.508317,6.037221,73.200005,-713.700012,-701.500000,-6090.000000,3430.000000,-770.000000
6.676173,8.660206,10.432672,11.982017,6.922015,19.054277,6.631874,10.129775,11.015017,10.271916,7.736605,6.788143,10.748070,9.417907,7.122890,5.868821,77.104000,-721.996002,-701.500000,-5950.000000,2520.000000,-1330.000000
6.503631,8.547639,10.243941,11.633164,6.988533,19.015591,6.831654,10.136395,10.777208,10.059723,7.630004,6.732697,10.683706,9.345470,6.869941,5.777728,78.324001,-716.140015,-700.524017,-4410.000000,1960.000000,-2030.000000
6.612605,8.746600,10.496987,11.872008,7.196539,18.947293,6.971742,10.326584,10.849983,10.077170,7.667053,6.736673,10.741830,9.418218,6.858895,5.813464,81.252002,-716.140015,-700.768005,-3710.000000,2310.000000,-2660.000000
6.682150,8.794233,10.622201,12.030270,7.235709,18.951126,6.983769,10.415542,10.933694,10.157789,7.786628,6.758289,10.669134,9.301934,6.776919,5.777194,85.644001,-715.652008,-700.523987,-3080.000000,1820.000000,-3500.000000
6.563143,8.339046,9.942269,11.547876,7.190063,18.970061,6.965770,10.432485,10.476478,9.786765,7.632920,6.779099,10.667480,9.234736,6.724805,5.789479,85.644001,-712.968017,-697.596008,-2800.000000,1400.000000,-4060.000000
6.332254,8.063931,9.719401,11.539479,7.174440,18.703823,6.861394,10.332894,10.327823,9.561746,7.544589,6.771891,10.710551,9.229555,6.709414,5.721651,87.840000,-711.260010,-698.328033,-2660.000000,630.000000,-4550.000000
6.138180,7.985634,9.676585,11.502804,7.157634,18.330337,6.736001,10.310000,10.264897,9.509348,7.562282,6.806472,10.691564,9.245848,6.687441,5.642338,91.012001,-709.796020,-697.596008,-2380.000000,210.000000,-4830.000000
5.980125,7.902856,9.647607,11.447044,7.145799,18.125857,6.615789,10.314782,10.194717,9.390698,7.535918,6.811070,10.666487,9.190715,6.555194,5.468410,93.940002,-711.992005,-700.524017,-2100.000000,70.000000,-5110.000000
5.948551,7.802530,9.621784,11.466171,7.042202,18.035661,6.397104,10.299762,10.170062,9.390711,7.567038,6.798043,10.642566,9.195117,6.556094,5.421787,95.159999,-707.355987,-701.256012,-1330.000000,0.000000,-5390.000000
5.849392,7.759450,9.558980,11.413157,7.028252,17.547916,6.350342,10.363161,10.145276,9.369546,7.544862,6.729926,10.599428,9.123146,6.559953,5.410933,96.380001,-706.380005,-701.500030,-1400.000000,-490.000000,-5600.000000
5.708303,7.625125,9.405295,11.287634,6.831896,16.425465,6.219508,10.280320,10.183191,9.415789,7.608812,6.732753,10.614767,9.174357,6.672634,5.519908,94.916000,-704.183990,-697.840027,-1820.000000,-980.000000,-5810.000000
5.553572,7.445384,9.154108,11.032480,6.740380,15.594272,6.154085,10.012777,9.948949,9.272149,7.557470,6.725671,10.322727,9.017772,6.748009,5.589246,97.600003,-701.256012,-699.792023,-2170.000000,-1540.000000,-5880.000000
5.552911,7.448425,9.162437,11.071344,6.732761,15.457772,6.177571,9.978697,9.971803,9.269282,7.571682,6.733409,10.312671,8.995973,6.747230,5.591761,99.796002,-700.524018,-701.011994,-2730.000000,-2030.000000,-5880.000000
5.624355,7.466922,9.165989,11.046422,6.723143,15.469916,6.209236,9.988927,9.974677,9.280045,7.627156,6.736312,10.298917,9.033844,6.731948,5.593996,99.307998,-701.500000,-701.256012,-3500.000000,-2450.000000,-5810.000000
5.758328,7.574321,9.420624,11.190069,6.515551,15.493419,5.935129,10.391604,10.146622,9.423490,7.783743,6.746877,10.256179,9.082740,6.670072,5.592037,100.284000,-704.428009,-699.304016,-3780.000000,-2590.000000,-5530.000000
5.879531,7.728992,9.529327,11.228193,6.524464,15.336620,5.889586,10.616975,10.320226,9.499123,7.888162,6.791670,10.487077,9.264053,6.541925,5.596510,99.551998,-703.940002,-701.743988,-4550.000000,-2590.000000,-5390.000000
5.911758,7.650760,9.344995,10.927602,6.453347,15.185546,5.873264,10.768982,10.265944,9.448437,7.846132,6.780533,10.520941,9.258456,6.545811,5.582304,100.772000,-706.380036,-704.428009,-4970.000000,-2380.000000,-4830.000000
5.897423,7.618301,9.342143,10.908947,6.418480,14.889608,5.833746,10.771596,10.258352,9.417685,7.821008,6.727072,10.462867,9.142092,6.513859,5.500098,96.868000,-703.940002,-698.328002,-5250.000000,-2100.000000,-4550.000000
5.945706,7.701880,9.469063,10.698359,6.447824,14.733588,5.820581,10.799419,10.316431,9.494082,7.849280,6.645120,10.527255,9.143715,6.531527,5.408468,97.600002,-706.868011,-700.768006,-5600.000000,-2170.000000,-4060.000000
