5.233069,4.928897,5.859199,6.081824,5.382830,5.400217,5.519148,11.008144,5.872221,5.312221,4.584039,5.127207,6.625616,5.961818,5.323087,4.887092,65.880002,-676.530660,-734.277344,5040.000000,1446.666667,1866.666667
5.316808,5.007669,5.881007,6.218916,5.363467,5.389304,5.496314,11.081807,6.061328,5.374451,4.707098,5.159057,6.812686,5.989675,5.335667,4.898511,65.554667,-675.229370,-731.512004,4993.333333,1493.333333,2006.666667
5.371099,5.053274,5.880856,6.236393,5.316498,5.360244,5.489045,11.147413,6.174763,5.430938,4.768526,5.165901,6.968153,6.000935,5.309150,4.938770,64.741334,-675.717346,-733.301331,5086.666667,1866.666667,2333.333333
5.379391,5.089375,5.907343,6.223707,5.269486,5.299505,5.491046,11.147710,6.284185,5.481549,4.790197,5.074957,7.113290,6.006409,5.286704,4.929245,66.042666,-676.856018,-733.464030,5133.333333,1913.333333,2426.666667
5.435074,5.086333,5.915054,6.247656,5.225821,5.221534,5.469406,11.220198,6.288754,5.415048,4.743917,5.081219,7.121259,5.960619,5.222294,4.885009,64.090666,-677.506673,-730.698669,5226.666667,2100.000000,2473.333333
5.528199,5.161397,6.017347,6.352903,5.305593,5.238528,5.501556,11.277984,6.312893,5.421288,4.773523,5.162344,7.133064,5.943346,5.290522,4.919839,65.554666,-675.880005,-731.349324,5320.000000,2146.666667,2426.666667
5.553862,5.188374,6.046573,6.360405,5.349340,5.254509,5.533305,11.485240,6.287870,5.418109,4.788657,5.215181,7.140350,5.920852,5.345130,4.949294,64.578667,-678.320007,-731.837341,5460.000000,2146.666667,2520.000000
5.571103,5.213799,6.122542,6.335639,5.431661,5.266142,5.610811,11.674074,6.337774,5.484836,4.818885,5.240088,7.243784,5.961118,5.423636,5.047791,64.904003,-678.970663,-732.162679,5460.000000,2333.333333,2426.666667
5.600252,5.263125,6.199105,6.338414,5.504266,5.273301,5.686301,11.730169,6.402113,5.509967,4.913796,5.248346,7.307633,6.035051,5.529544,5.197319,65.391999,-679.133342,-730.535990,5600.000000,2193.333333,2380.000000
5.622267,5.319163,6.244958,6.363015,5.580352,5.330369,5.755000,11.792336,6.425838,5.507835,4.995636,5.295847,7.328379,6.075991,5.641126,5.297008,66.530666,-679.621338,-732.162679,5646.666667,2240.000000,2286.666667
5.638973,5.382110,6.386415,6.472779,5.664319,5.349056,5.827012,11.820545,6.668938,5.626057,5.038173,5.361990,7.574802,6.237892,5.665932,5.359346,65.717334,-677.344015,-732.000000,5833.333333,2100.000000,2193.333333
5.609697,5.352899,6.413230,6.466521,5.631701,5.226391,5.801329,11.814448,6.752135,5.635067,5.001078,5.350938,7.653438,6.267189,5.615325,5.308544,66.205334,-679.296000,-731.512003,5973.333333,2146.666667,2146.666667
5.642148,5.392395,6.423393,6.495724,5.693094,5.226685,5.875821,11.892905,6.732240,5.597519,5.026035,5.336661,7.634845,6.227176,5.623635,5.305946,65.880001,-678.320007,-731.186666,5973.333333,2053.333333,2006.666667
5.664366,5.446045,6.472268,6.551674,5.717077,5.266687,5.905848,12.148423,6.768761,5.618845,5.079659,5.319748,7.663936,6.259536,5.700792,5.326386,67.506667,-679.296021,-730.861348,6066.666667,2053.333333,1913.333333
5.586023,5.624822,6.616498,6.721083,5.736193,5.324253,5.928534,12.268021,6.955364,5.817389,5.215007,5.283768,7.842597,6.354200,5.834904,5.408455,68.320001,-679.621338,-730.373332,6206.666667,2006.666667,1820.000000
5.445352,5.649213,6.516168,6.826757,5.628376,5.259375,5.872780,12.394154,7.059108,5.897204,5.213055,5.161503,7.993589,6.354229,5.864330,5.388049,67.344000,-678.645345,-730.047994,6300.000000,1866.666667,1726.666667
5.365790,5.681403,6.496239,6.940648,5.604002,5.210644,5.838555,12.314520,7.232383,6.028499,5.252702,5.129432,8.229244,6.463922,5.917753,5.393449,68.320001,-679.296021,-732.162659,6346.666667,1960.000000,1773.333333
5.368760,5.711096,6.556287,7.031167,5.573539,5.221107,5.802333,12.338782,7.305159,6.092569,5.287865,5.134850,8.285970,6.544453,5.933975,5.390126,65.392001,-678.970662,-730.698669,6440.000000,1866.666667,1820.000000
5.329839,5.798979,6.778189,7.099151,5.644054,5.282580,5.840281,12.315976,7.513129,6.292005,5.272049,5.224832,8.576389,6.698062,6.035455,5.492664,68.645332,-677.181356,-731.186686,6440.000000,1820.000000,1866.666667
5.251603,5.716928,6.758656,7.115024,5.571546,5.175919,5.767423,12.407918,7.542179,6.343156,5.226186,5.130718,8.680696,6.709231,6.032019,5.497896,68.320002,-680.109335,-733.626689,6346.666667,1726.666667,1960.000000
5.295118,5.731368,6.752970,7.337683,5.638857,5.417706,5.772554,12.525834,7.597994,6.374040,5.324852,5.072609,8.705796,6.757652,6.038070,5.479826,69.133334,-678.320007,-734.114685,6486.666667,1866.666667,2006.666667
5.296954,5.764686,6.718938,7.318867,5.693955,5.505976,5.814679,12.409749,7.617373,6.370302,5.348703,5.025069,8.672693,6.771338,6.068788,5.466489,67.344001,-677.669352,-732.813334,6533.333333,1773.333333,2146.666667
5.314162,5.791566,6.712942,7.215145,5.763720,5.503537,5.908802,12.307657,7.616709,6.367791,5.331058,5.100133,8.642128,6.766647,6.139004,5.517314,67.181334,-677.018677,-733.789327,6486.666667,1773.333333,2333.333333
5.309425,5.789385,6.738024,7.185924,5.770663,5.468023,5.932545,12.251045,7.660087,6.415161,5.322020,5.188058,8.708966,6.790336,6.260714,5.558908,68.970668,-677.181335,-732.976013,6533.333333,1960.000000,2473.333333
5.267005,5.756533,6.717431,7.216426,5.760409,5.522730,5.947883,12.273803,7.617965,6.376976,5.369483,5.198760,8.661440,6.693858,6.231702,5.512604,68.482667,-678.482666,-733.626668,6720.000000,2006.666667,2706.666667
5.288132,5.927231,6.850114,7.368782,5.797652,5.684279,5.973294,12.256160,7.761207,6.547770,5.640810,5.266299,8.790256,6.878549,6.340836,5.585775,68.808003,-677.506653,-736.066671,7046.666667,1960.000000,2893.333333
5.440772,6.239169,7.150579,7.653543,5.975466,5.840843,6.068159,12.395667,7.982666,6.781345,5.805573,5.383446,8.930089,7.004705,6.412234,5.649471,67.506667,-677.669332,-735.416015,7233.333333,2053.333333,3033.333333
5.470114,6.368803,7.204134,7.683362,6.002695,5.809938,6.078618,12.458100,8.041830,6.864951,5.823447,5.419664,8.947337,7.011224,6.384910,5.667653,67.181334,-676.856018,-735.090678,7280.000000,2100.000000,3220.000000
5.386226,6.301532,7.134616,7.593269,5.846380,5.660901,5.972073,12.510125,8.047389,6.808531,5.767671,5.288656,9.478602,7.314867,6.458609,5.759319,67.018668,-677.018677,-733.464010,7373.333333,2333.333333,3360.000000
5.337851,6.286232,7.177827,7.680169,5.754981,5.693119,5.874119,12.768117,8.149998,6.864470,5.757969,5.345199,9.654079,7.401900,6.433899,5.737232,67.832001,-676.855998,-734.114665,7700.000000,2193.333333,3546.666667
5.310756,6.266421,7.346229,7.897043,5.758387,5.850422,5.877422,13.054879,8.186182,6.942493,5.781076,5.462304,9.625712,7.348381,6.394848,5.734955,67.018666,-677.994669,-732.813334,7700.000000,2380.000000,3686.666667
5.325613,6.283215,7.534054,7.912582,5.761535,5.871591,5.890523,13.115666,8.223605,7.030827,5.810238,5.480723,9.739291,7.308049,6.390124,5.734586,68.970668,-677.994649,-733.464030,7700.000000,2473.333333,3733.333333
5.329764,6.260665,7.645152,7.862822,5.762359,5.780991,5.884827,13.096594,8.236513,7.047206,5.759516,5.452695,9.814426,7.194344,6.337280,5.707500,68.157334,-677.994670,-731.837321,7606.666667,2613.333333,3966.666667
5.329976,6.212543,7.646702,7.820116,5.715366,5.732756,5.861209,13.042681,8.190184,7.000317,5.799378,5.559167,9.826948,7.106270,6.296095,5.709732,66.856000,-678.970683,-734.277344,7560.000000,2660.000000,4013.333333
5.278319,6.181579,7.633776,7.852187,5.642432,5.708788,5.815734,12.618945,8.226827,7.025149,5.818167,5.672283,9.900610,7.161080,6.354393,5.732507,66.042668,-677.181336,-733.301351,7606.666667,2800.000000,4293.333333
5.242258,6.161876,7.683053,7.927206,5.605366,5.642106,5.812658,12.213831,8.328728,7.067037,5.793480,5.727395,10.015664,7.234289,6.383333,5.739849,65.717333,-677.669352,-731.512003,7700.000000,2846.666667,4480.000000
5.212376,6.131176,7.644141,7.874963,5.582687,5.586953,5.782442,11.903779,8.334719,7.027608,5.746382,5.798560,10.047807,7.192585,6.363944,5.734341,67.343999,-677.832011,-732.325317,7513.333333,2986.666667,4526.666667
5.203373,6.118305,7.655114,7.861703,5.557772,5.620996,5.793939,11.879837,8.364671,7.081895,5.805160,5.792426,10.117972,7.246631,6.423286,5.735400,65.880002,-678.808024,-733.464030,7186.666667,2940.000000,4666.666667
5.272765,6.256258,7.834855,8.060229,5.588066,5.743022,5.857028,11.881324,8.578649,7.304546,5.964109,5.867251,10.269223,7.400265,6.540741,5.784939,67.506668,-675.880005,-732.813355,7000.000000,3080.000000,4713.333333
5.453511,6.606540,8.439931,8.524421,5.742655,5.996935,5.994010,11.894352,9.007393,7.772069,6.187072,5.988788,10.400292,7.532334,6.605633,5.854419,64.904002,-677.343994,-733.952026,6673.333333,3266.666667,4853.333333
5.531281,6.729035,8.765263,8.788012,5.811929,6.310601,6.012429,12.246816,9.375174,8.100578,6.320168,6.049781,10.726469,7.783031,6.717375,5.925996,63.765334,-677.343994,-736.717346,6300.000000,3126.666667,4946.666667
5.553903,6.817534,8.997021,9.233859,5.978783,6.812035,6.063843,12.130527,9.576068,8.215204,6.496023,6.083958,10.856482,7.896149,6.719351,5.948573,66.042669,-678.482686,-733.626668,6020.000000,3033.333333,4946.666667
5.538725,6.928083,9.158891,9.314130,5.995713,6.805675,6.106607,11.638498,9.740386,8.340625,6.623425,6.127969,11.035644,8.009908,6.758985,5.994659,66.693335,-677.344015,-734.765340,6253.333333,2893.333333,5086.666667
5.556326,7.017279,9.214032,9.352698,5.985288,6.802529,6.145225,10.963156,9.962276,8.480614,6.640947,6.147204,11.281963,8.098578,6.830041,6.048756,66.856000,-678.807983,-734.114664,6533.333333,2893.333333,5180.000000
5.549439,6.993136,9.289673,9.435408,5.968131,6.912313,6.116910,10.620024,10.014090,8.506254,6.622295,6.167510,11.364406,8.160965,6.943610,6.160529,66.693334,-678.970662,-733.301331,7000.000000,3126.666667,5320.000000
5.515089,6.967468,9.278635,9.399916,5.947855,6.942180,6.085359,10.317610,9.962901,8.479943,6.534566,6.146603,11.325554,8.079094,6.937251,6.166272,65.717333,-680.272013,-730.047994,7373.333333,3313.333333,5180.000000
5.552104,7.041386,9.542419,9.646648,6.090794,7.061760,6.120787,10.206710,9.982985,8.478412,6.493145,6.163713,11.257688,8.000645,6.885528,6.114589,66.530666,-680.434672,-732.650675,7700.000000,3546.666667,5273.333333
5.631491,7.215995,10.215870,10.280510,6.367248,7.047923,6.167615,10.433983,10.626698,8.812108,6.628038,6.281742,12.065652,8.561027,7.173155,6.257345,65.554667,-680.760010,-730.210652,7886.666667,3826.666667,5180.000000
5.654563,7.347767,10.643862,10.588505,6.494362,7.290069,6.183999,11.007719,11.094177,9.126979,6.724069,6.384195,12.715827,9.040601,7.385030,6.371551,63.928001,-680.922689,-729.885335,8073.333333,4060.000000,5226.666667
5.684722,7.585276,11.050789,11.002594,6.556801,7.530433,6.165681,11.406914,11.347569,9.341348,6.795155,6.478724,12.819619,9.172667,7.412891,6.357972,64.253333,-680.759989,-729.397339,8213.333333,4013.333333,5133.333333
5.675277,7.700512,11.353333,11.350004,6.632722,7.520076,6.270855,11.557373,11.590268,9.573865,6.866129,6.591191,13.015821,9.261965,7.508591,6.406696,63.765333,-679.458679,-729.072021,8213.333333,4153.333333,5086.666667
5.702151,7.779939,11.526858,11.627887,6.711496,7.543601,6.296672,11.450796,11.725455,9.709934,6.911593,6.612077,13.102607,9.338242,7.679376,6.527082,65.066666,-680.922689,-731.512004,8446.666667,4060.000000,5040.000000
6.040009,8.235774,12.020901,11.998186,7.092772,8.287925,6.409641,11.526802,12.071251,10.186826,7.217049,6.718446,13.288957,9.646314,8.151666,6.767247,63.114667,-682.386678,-732.488017,8446.666667,3966.666667,4946.666667
6.499649,8.739827,12.545111,12.303275,7.544411,9.112310,6.578587,11.648153,12.336650,10.579600,7.410531,6.996044,13.466552,9.839674,8.460227,6.934441,63.114667,-680.434693,-733.626668,8586.666667,3826.666667,4853.333333
6.521300,8.750907,12.649047,12.379040,7.561723,9.218569,6.571754,11.578565,12.371299,10.604149,7.419294,7.072598,13.507360,9.863090,8.495065,6.960173,63.277335,-679.784017,-734.602681,8913.333333,3920.000000,4853.333333
6.425991,8.678899,12.733855,12.390415,7.556861,9.265668,6.581796,11.477365,12.350380,10.584682,7.370301,7.078635,13.611806,10.033454,8.550797,6.914288,64.904001,-680.922668,-736.880005,9380.000000,3873.333333,4806.666667
6.407836,8.734391,13.127933,12.433405,7.611745,9.307287,6.655287,11.286135,12.363419,10.560791,7.356325,7.077001,13.672183,10.128214,8.583258,6.886604,65.554667,-681.085327,-738.994690,10220.000000,4060.000000,4900.000000
6.380988,8.828317,14.263701,12.653789,7.622377,9.475904,6.613946,11.564587,12.597816,10.650726,7.347924,7.105919,13.955111,10.212857,8.516958,6.765282,64.904002,-680.109355,-739.645345,10966.666667,4013.333333,4946.666667
6.319963,8.801525,15.283060,12.804076,7.600465,9.624525,6.549822,11.762218,12.691861,10.639942,7.290283,7.127806,14.014012,10.164096,8.438212,6.607220,65.880001,-681.085347,-738.181336,11853.333333,4480.000000,5040.000000
6.322593,8.837548,15.626454,12.784836,7.590593,9.572238,6.532734,11.692624,12.754116,10.704292,7.399574,7.248328,14.206937,10.287029,8.620156,6.602059,65.392002,-681.898661,-740.133341,12693.333333,4900.000000,5273.333333
6.302341,8.836153,15.899431,12.758235,7.598310,9.541158,6.546864,11.665276,12.781964,10.670143,7.415728,7.262840,14.235573,10.264484,8.677080,6.525255,65.717336,-681.898682,-743.549337,13906.666667,5273.333333,5460.000000
6.328815,8.844011,16.364476,12.897900,7.629116,9.970881,6.579226,11.899978,12.903069,10.716677,7.560993,7.305240,14.561380,10.464740,8.817445,6.580527,66.042667,-682.386678,-742.085348,15166.666667,5740.000000,5693.333333
6.392300,8.930315,16.935668,13.329426,7.627161,10.532450,6.635436,12.149303,13.052816,10.819311,7.662985,7.443452,14.732469,10.609961,8.975221,6.705896,66.693335,-679.946676,-745.013347,16333.333333,6066.666667,6066.666667
6.367551,8.876372,17.055512,13.318016,7.621202,10.501568,6.696222,11.893431,13.061231,10.806363,7.720224,7.447168,14.801377,10.741944,8.933989,6.669193,68.645335,-680.434693,-745.176005,17453.333333,6486.666667,6533.333333
6.374781,8.845322,17.295517,13.498810,7.672465,10.666196,6.724634,11.773658,13.290741,10.894165,7.789483,7.461846,15.189076,11.175341,9.040968,6.635995,68.808001,-680.109355,-747.453349,18666.666667,6906.666667,6953.333333
6.373144,8.782816,18.859854,13.449371,7.748860,10.806652,6.829560,11.585096,13.509962,11.010476,7.915753,7.518398,15.708683,11.594079,9.257403,6.832317,70.434667,-677.344014,-747.453329,19740.000000,7000.000000,7420.000000
6.346299,8.775750,20.419924,13.581111,7.793033,10.873611,6.883902,12.094390,13.485592,10.911610,7.976940,7.560728,15.772727,11.521041,9.213229,6.817130,72.061334,-676.368001,-747.941345,21093.333333,7326.666667,7933.333333
6.338386,8.810914,21.321535,13.563651,7.814534,10.949556,6.938935,12.080401,13.750175,11.155483,8.068008,7.656454,16.405437,11.867828,9.581970,6.952195,72.224001,-676.693339,-749.405334,22120.000000,7560.000000,8353.333333
6.419891,8.908022,21.996624,13.901224,7.829053,11.100949,6.991331,12.411481,14.147363,11.457777,8.151883,7.656807,16.802256,12.153184,9.878391,6.991997,73.037333,-674.741353,-750.544006,23286.666667,7606.666667,8820.000000
6.513917,9.086018,22.396950,13.985894,7.967795,11.264483,7.087459,12.546943,14.204130,11.549805,8.221728,7.773925,16.835071,12.222007,10.018160,7.036977,73.688004,-675.392009,-752.821330,24406.666667,7513.333333,9240.000000
6.494704,9.135997,22.523354,13.967594,7.967972,11.151910,7.144241,12.675001,14.298102,11.639041,8.347174,7.832872,16.965500,12.272210,10.031620,7.057682,73.688000,-674.090658,-753.472005,25620.000000,7420.000000,9753.333333
6.508183,9.108153,22.519863,14.117595,7.943530,11.082407,7.174763,12.781696,14.458355,11.698578,8.459849,7.782687,17.270301,12.431882,10.009379,7.088306,73.200002,-672.301331,-751.519999,26553.333333,7186.666667,10033.333333
6.565441,9.224048,22.565263,14.192833,7.910095,11.143348,7.183910,12.774811,14.460766,11.694980,8.520510,7.678287,17.352137,12.506784,9.968213,7.162659,72.386668,-670.837321,-749.893351,27346.666667,6626.666667,10313.333333
6.720861,9.434862,22.772571,14.187031,7.979757,11.247332,7.363192,12.805554,14.481518,11.745566,8.539974,7.675209,17.394329,12.525069,9.921062,7.263874,72.712001,-668.885336,-744.850667,27580.000000,5926.666667,10313.333333
6.779318,9.523976,22.932362,14.348284,8.048431,11.272372,7.418995,13.055079,14.562721,11.835095,8.586779,7.730779,17.480837,12.613978,9.998100,7.322676,73.200000,-667.258687,-743.712016,27673.333333,5273.333333,10313.333333
6.715910,9.497531,23.049661,14.280933,8.030943,11.197445,7.478770,13.137533,14.543145,11.905037,8.508841,7.702962,17.548197,12.604634,10.091191,7.323108,71.410668,-667.584025,-742.736023,27066.666667,4106.666667,9940.000000
6.595658,9.337328,23.113993,14.253665,8.027006,11.129698,7.433355,13.022588,14.667913,11.875039,8.409287,7.566991,17.726195,12.701436,10.104217,7.285488,72.386667,-667.258667,-741.597331,25946.666667,3173.333333,9380.000000
6.524524,9.230288,23.114892,14.222171,8.277976,11.140223,7.433872,12.996144,14.746651,11.889783,8.398163,7.482937,17.888635,12.760234,10.145889,7.322277,69.621334,-667.746684,-740.783996,25246.666667,2006.666667,8866.666667
6.541929,9.312710,23.163642,14.732506,8.605164,11.540049,7.400965,14.031600,14.997556,12.067958,8.413779,7.495952,17.818135,12.736449,10.136617,7.234559,68.645332,-667.909343,-743.386678,24640.000000,1306.666667,8260.000000
6.574993,9.611791,23.317817,15.381351,8.811239,11.888098,7.545090,14.474792,15.379137,12.334249,8.434755,7.485575,17.817754,12.741545,10.173889,7.222333,68.970668,-669.698669,-744.525350,24546.666667,606.666667,7700.000000
6.663086,9.895291,23.468132,15.429841,8.834988,11.863457,7.788791,14.220879,15.446284,12.356514,8.502223,7.472613,17.980881,12.836610,10.234457,7.251695,67.832001,-669.861348,-745.013346,24313.333333,186.666667,7093.333333
6.894571,10.158792,23.613293,15.804295,9.183569,12.145759,7.954888,15.129314,15.649984,12.438567,8.696311,7.479449,18.142960,12.954616,10.256794,7.240199,65.880001,-668.885335,-745.338664,24080.000000,-233.333333,6440.000000
7.231839,10.315678,23.837695,16.722958,10.215039,13.118965,8.016628,16.934226,16.040167,12.692721,9.290794,7.597488,18.378919,13.242817,10.397740,7.272252,67.181333,-671.650676,-745.338664,23613.333333,-653.333333,5740.000000
7.348176,10.698405,24.356207,17.705651,10.928318,13.918784,8.345688,17.272346,16.558471,13.188248,9.906017,7.667073,18.747394,13.715426,10.765430,7.503239,67.506665,-671.813354,-741.434672,22726.666667,-1073.333333,5040.000000
7.396475,11.119924,24.627431,17.897371,11.099422,14.447207,8.890882,17.388965,16.773639,13.440844,10.024253,7.760655,18.977580,13.847952,10.827759,7.754739,62.626667,-673.927999,-735.903992,21186.666667,-2146.666667,4106.666667
7.532958,11.579553,25.054652,18.081715,11.586125,14.662408,9.090847,17.610980,17.373703,13.860349,10.139206,7.796729,19.732210,14.215598,10.947430,7.820893,61.976000,-675.879985,-732.813355,19180.000000,-2846.666667,3500.000000
8.058794,11.903338,25.250830,18.103715,12.604545,14.838644,9.317169,18.073957,17.454454,13.964178,10.262081,7.818493,19.901855,14.392919,11.059701,7.864420,59.373334,-676.368001,-728.746663,16520.000000,-3033.333333,2566.666667
8.653606,12.031760,25.304593,18.276720,13.863943,15.036365,9.651335,18.185929,17.558951,14.037910,10.418971,7.916980,20.064427,14.772460,11.349687,8.077072,61.325335,-679.458679,-728.258667,13766.666667,-3453.333333,1820.000000
8.854454,11.991264,25.255675,18.586200,15.065098,15.361030,9.703098,18.186762,17.785895,14.189432,10.580851,7.944063,20.329464,15.120148,11.615682,8.359577,59.210666,-680.109334,-728.909342,11433.333333,-4433.333333,1306.666667
8.798242,11.860321,24.965049,18.604542,15.549040,15.627071,9.643830,18.324623,17.839610,14.204962,10.669110,7.904217,20.556199,15.251097,11.704401,8.550809,58.560001,-684.989339,-735.903992,9240.000000,-5040.000000,886.666667
8.709758,11.906494,24.928172,18.676842,15.683983,15.846260,9.829161,18.153180,17.997848,14.437065,10.782189,8.015848,20.702326,15.403245,11.806009,8.686101,59.698667,-690.357320,-734.765340,8213.333333,-5133.333333,560.000000
8.684913,11.978668,24.833661,18.498293,15.669449,15.754642,10.012985,18.105468,17.962273,14.494415,10.691924,8.123570,20.684474,15.384748,11.796533,8.721717,62.464001,-690.032023,-734.602681,7373.333333,-5320.000000,373.333333
8.753194,11.913691,24.836674,18.469621,16.061033,15.708962,10.151095,18.204539,17.835953,14.432702,10.637958,8.104429,20.663676,15.408587,11.938448,8.723337,60.674667,-691.170675,-730.047994,6486.666667,-5786.666667,280.000000
9.117015,11.960849,24.920321,18.471261,16.738775,15.791254,10.148481,18.406863,17.776006,14.446549,10.703929,8.141819,20.627663,15.448849,12.028013,8.739822,62.789333,-695.888021,-728.096008,6066.666667,-6533.333333,280.000000
9.211215,11.987928,24.928421,18.559931,17.409875,16.210615,10.179912,18.914607,17.776794,14.496225,10.711107,8.147513,20.709217,15.482011,12.025025,8.710105,62.301335,-695.562683,-722.239990,5833.333333,-7653.333333,280.000000
9.331617,11.990383,24.949265,18.757512,17.669839,16.617718,10.175170,19.932835,17.846505,14.534146,10.737226,8.163219,20.865709,15.583858,12.025709,8.693334,61.650669,-694.424011,-718.336019,5973.333333,-8400.000000,466.666667
9.468111,12.072657,24.905580,18.798237,17.686322,16.719933,10.268043,20.681380,17.973804,14.642499,10.799918,8.279152,20.917309,15.677658,12.073267,8.713221,61.000001,-694.424011,-710.853353,5320.000000,-8353.333333,420.000000
9.610801,11.963590,24.574660,18.627865,17.587255,16.847628,10.376725,20.843047,17.881284,14.566285,10.792490,8.216287,20.921027,15.521895,11.958150,8.618050,61.650668,-695.725342,-707.437337,4433.333333,-8633.333333,280.000000
9.767970,11.940451,24.477861,18.699474,17.547772,16.866327,10.464839,20.673199,17.745712,14.449191,11.032717,8.153523,20.624889,15.346290,11.950674,8.692265,61.650667,-698.328003,-702.394694,3593.333333,-8680.000000,-93.333333
9.790350,11.874961,24.562065,18.637280,17.528489,16.798615,10.461593,20.540298,17.865659,14.508846,11.069845,8.147966,20.715914,15.513813,12.141103,8.926968,59.373333,-695.888021,-698.978658,2193.333333,-8726.666667,-420.000000
9.765365,11.792901,24.538295,18.425029,17.568473,16.823876,10.455890,20.428226,17.889110,14.476099,11.012491,8.161761,20.748364,15.551352,12.165758,9.027253,56.770668,-695.074666,-698.002665,980.000000,-8773.333333,-746.666667
9.671303,11.696387,24.360942,18.205759,17.673075,16.966623,10.507312,20.665667,17.862710,14.443285,10.940467,8.300691,20.785747,15.585040,12.158786,9.078779,58.397334,-692.309346,-692.634664,-793.333333,-9380.000000,-1213.333333
9.413460,11.549515,24.269427,18.388769,17.666217,16.679707,10.469639,21.098191,17.930604,14.364543,10.774068,8.343722,20.660492,15.407337,11.887260,8.947937,59.861334,-690.032003,-691.333354,-2846.666667,-10080.000000,-1820.000000
9.048484,11.411482,24.175935,18.997418,17.552003,16.377008,10.367604,21.827391,18.551171,14.538400,10.869726,8.123694,21.233942,15.673122,11.941611,8.982719,60.674666,-692.960002,-694.749329,-5040.000000,-10873.333333,-2473.333333
9.062125,11.516462,24.312350,19.575701,17.596887,16.462461,10.445083,21.855408,19.281573,15.037993,11.147896,8.096210,21.683851,15.989700,12.210852,9.162707,61.650668,-695.074687,-697.352010,-7046.666667,-11993.333333,-3220.000000
9.261571,11.789452,24.563034,20.149009,17.643898,16.475751,10.441319,22.314065,19.610962,15.137140,11.242690,8.058754,21.859054,15.986566,12.276991,9.388176,61.976000,-692.797343,-699.792013,-8120.000000,-12786.666667,-3593.333333
9.418820,11.881078,24.490345,20.285122,17.682920,16.466392,10.475155,22.405736,19.852705,15.355185,11.412506,8.094596,22.089330,16.041867,12.426566,9.641275,64.904000,-693.285340,-701.256002,-8306.666667,-13066.666667,-3733.333333
9.637054,12.004026,24.241083,20.383932,17.684949,16.742765,10.547996,22.293122,19.782465,15.387592,11.534508,8.059079,21.904654,16.063382,12.466113,9.700505,67.181334,-695.725322,-703.370667,-8773.333333,-12833.333333,-3873.333333
10.013441,12.419399,24.319900,20.839213,17.715242,17.167355,10.649204,22.741610,20.391456,15.920949,11.914485,8.217084,22.437145,16.639813,12.857344,9.950609,68.970667,-698.653341,-701.256022,-8586.666667,-12833.333333,-3920.000000
10.185355,12.610727,24.534855,21.083915,17.727152,17.301666,10.656364,22.862607,20.984101,16.447133,12.097460,8.265006,22.785017,16.956904,13.035840,10.164328,67.669334,-695.074687,-699.954691,-8586.666667,-12833.333333,-3640.000000
10.217140,12.633656,24.467416,21.599356,17.752598,17.796048,10.567222,23.062220,20.999846,16.440935,12.067427,8.225052,22.743780,16.950241,12.982573,10.304017,66.856001,-699.304016,-697.026672,-8960.000000,-12693.333333,-3406.666667
10.344981,12.729372,24.283442,21.808561,17.747164,17.750392,10.499903,22.946425,21.267090,16.592133,12.145616,8.225347,22.930399,17.124202,13.085237,10.393287,65.554667,-699.466695,-701.256002,-9660.000000,-12320.000000,-3266.666667
10.358561,12.661522,23.926724,21.609983,17.780805,17.521766,10.492169,23.236141,21.188213,16.581620,12.160472,8.171341,22.965834,17.113866,13.016682,10.368897,65.229335,-700.280009,-698.165324,-9846.666667,-12553.333333,-2706.666667
10.417048,12.746357,23.920122,21.700895,17.870035,17.530495,10.543486,23.438062,21.333759,16.712093,12.154182,8.286529,23.278083,17.349374,13.254772,10.609491,64.416002,-698.978658,-701.093363,-8960.000000,-12833.333333,-2240.000000
10.405089,12.690467,23.748171,21.581670,17.872281,17.641523,10.525952,23.417736,21.355243,16.797893,12.125512,8.283472,23.277364,17.351376,13.345802,10.716538,64.253335,-694.261332,-699.466675,-8400.000000,-12506.666667,-1540.000000
10.452028,12.746769,22.637791,21.694699,17.892882,17.733253,10.503810,23.653335,21.340037,16.857280,12.129917,8.265970,22.933208,17.135785,13.256568,10.620697,63.277334,-691.821330,-701.093343,-8166.666667,-11340.000000,-1120.000000
10.546357,12.771083,21.029274,21.705756,17.921682,17.813522,10.521023,23.629083,21.396984,17.011216,12.199946,8.302473,23.133361,17.418906,13.559963,10.838154,64.741333,-692.797343,-707.925334,-8726.666667,-10826.666667,-746.666667
10.699603,12.860893,20.001932,22.134524,18.003282,17.999926,10.611497,24.236253,21.608350,17.031557,12.130074,8.296030,23.383939,17.512264,13.545304,10.901253,61.162669,-696.864013,-699.141337,-8866.666667,-10873.333333,-140.000000
10.887213,12.842650,19.045370,22.065203,18.042998,18.035156,10.767768,24.496902,21.501992,16.987060,12.134834,8.344635,23.201088,17.328172,13.337622,10.872733,63.765334,-698.002665,-705.160014,-9193.333333,-11526.666667,233.333333
10.884604,12.767949,18.494811,22.357645,18.015318,18.062585,10.785023,24.375249,21.625287,16.977653,12.224846,8.233102,23.441897,17.593298,13.384736,10.949499,60.024002,-689.544027,-702.557332,-9613.333333,-10826.666667,233.333333
10.931069,12.750761,18.337474,22.426435,18.120426,18.142182,10.915822,24.258271,21.622609,16.948086,12.121183,8.191480,23.389807,17.619659,13.443160,10.967468,57.909333,-684.013346,-693.936015,-11946.666667,-11060.000000,93.333333
10.926867,12.783286,18.368274,22.521701,18.325406,18.604203,11.120700,25.771387,21.536125,16.932829,12.035244,8.243969,23.185838,17.497142,13.444331,10.930408,52.704001,-692.634664,-687.429342,-12460.000000,-12506.666667,-140.000000
10.874049,12.691430,18.335536,22.899971,18.364003,18.651309,11.150901,26.837653,21.722834,16.976449,12.020179,8.223851,23.178370,17.474340,13.469785,10.898141,51.077334,-693.447998,-690.194661,-14186.666667,-12693.333333,-280.000000
10.776061,12.530266,17.972737,22.911859,18.357295,18.638734,11.087888,26.862348,21.947847,17.053005,12.116345,8.174437,23.672387,17.767126,13.727916,11.106485,52.541333,-698.815999,-684.501343,-16706.666667,-12273.333333,-793.333333
10.778276,12.490298,17.764122,22.838020,18.340992,18.678429,11.068586,26.818917,22.008422,17.084229,12.107437,8.175053,24.097366,18.032677,13.912836,11.304806,55.469333,-687.754679,-698.002686,-18200.000000,-12600.000000,-1400.000000
10.801976,12.429912,17.484622,22.884762,18.408509,18.689552,11.127795,26.795981,22.186308,17.193055,12.081312,8.180455,24.620924,18.484811,14.216530,11.544507,51.402668,-696.050659,-688.568013,-19553.333333,-12646.666667,-2006.666667
10.935104,12.493100,17.262243,23.119060,18.697859,19.263608,11.552549,26.891368,22.060812,17.147791,12.093006,8.210887,24.565110,18.566842,14.360538,11.646752,50.264000,-696.701335,-686.778666,-21046.666667,-13393.333333,-2286.666667
11.217123,12.878257,17.994539,24.543967,18.832136,19.969373,11.778133,26.918929,23.061056,17.645536,12.240325,8.265139,25.356460,19.056578,14.646326,11.686707,51.402666,-695.074667,-687.917338,-21980.000000,-13020.000000,-3126.666667
11.337993,13.055079,18.397255,24.915099,18.726773,19.867826,11.794393,26.379067,23.734766,18.149978,12.372458,8.340678,25.782384,19.252664,14.775172,11.736433,51.240000,-700.280009,-682.712015,-23053.333333,-13486.666667,-3546.666667
11.381714,12.863706,18.256502,24.691830,18.804381,19.956442,11.791273,26.252868,23.732208,18.236661,12.406463,8.368519,26.201414,19.512233,14.967333,11.852845,53.680002,-698.490661,-682.061340,-24873.333333,-14466.666667,-3733.333333
11.357487,12.696872,18.279571,24.809921,18.900628,20.048663,11.642845,26.626642,23.722368,18.249195,12.430940,8.350264,26.223612,19.563156,15.034056,11.909217,55.144000,-695.400024,-698.815999,-27020.000000,-14933.333333,-3966.666667
11.354753,12.560915,18.253404,24.780624,18.765024,19.906274,11.551528,26.071296,23.700133,18.317003,12.545575,8.514325,26.504365,19.821010,15.225865,12.106523,52.053334,-691.333333,-691.333333,-28280.000000,-15726.666667,-4153.333333
11.367189,12.697005,18.353534,24.527936,18.272446,19.399198,11.518898,24.930194,23.679517,18.358502,12.410343,8.549191,26.453483,19.719962,15.283873,12.128494,51.240001,-692.960022,-684.176005,-30846.666667,-17360.000000,-4293.333333
11.404559,12.635537,18.156972,23.877251,17.931078,19.084633,11.311604,24.922267,23.339649,18.033410,12.000387,8.470118,26.526679,19.650675,15.376934,12.164079,45.221334,-695.074666,-671.000000,-33506.666667,-18433.333333,-4620.000000
11.449362,12.374829,18.051437,23.912852,17.902904,18.723735,10.975699,24.903289,23.227291,17.891491,12.053681,8.417000,26.469823,19.636521,15.393921,11.980675,43.106667,-693.773336,-667.096008,-37380.000000,-19786.666667,-5180.000000
11.428433,12.180480,18.071118,24.423580,17.631046,18.772206,10.839099,24.863734,23.172031,17.782906,12.036477,8.420487,26.774454,19.915130,15.593649,12.078911,42.456001,-698.653341,-670.186666,-40973.333333,-21280.000000,-5833.333333
11.305157,12.189186,18.515103,25.039063,16.985055,18.796307,10.645549,24.546705,23.385842,18.078398,12.079683,8.623440,26.894208,20.059750,15.693927,12.161233,44.082667,-699.629354,-684.826660,-44333.333333,-23053.333333,-6346.666667
10.944096,12.061811,18.614787,25.035755,16.055173,18.968340,10.453867,25.059588,23.577929,18.355358,12.006493,8.782201,27.163139,19.987246,15.599406,12.088891,43.594667,-699.141337,-696.213338,-46620.000000,-22726.666667,-6906.666667
10.914223,12.490699,19.178932,25.684521,15.052275,19.542469,10.474590,25.418273,23.458831,18.234099,11.818572,8.806838,26.960961,19.699000,15.369474,11.922783,41.642667,-695.074666,-691.170695,-47553.333333,-23426.666667,-7560.000000
11.073544,12.941757,19.823790,26.345365,14.487358,19.494096,10.476100,25.308266,23.913855,18.563963,11.833184,9.006904,26.959399,19.726563,15.373525,11.788680,40.829334,-697.026673,-684.338684,-48860.000000,-23846.666667,-8120.000000
11.162492,12.972312,19.746116,26.348757,14.385160,19.897071,10.350224,25.228815,23.715607,18.296814,11.711838,9.023053,26.745561,19.592925,15.304082,11.726600,41.317334,-697.514669,-696.864014,-49933.333333,-23893.333333,-8960.000000
11.255451,13.168953,20.178530,27.006348,14.543047,20.830379,10.279169,25.223310,24.096388,18.413826,11.877358,9.019020,27.010432,19.793849,15.360527,11.767506,48.637334,-683.200012,-697.189351,-49933.333333,-22913.333333,-9660.000000
11.283117,13.329056,20.364420,27.233129,14.295613,21.238738,10.159936,25.188882,24.392655,18.553955,11.920118,9.109321,27.090316,19.841500,15.270011,11.787522,47.010667,-698.002686,-700.117350,-50913.333333,-23006.666667,-9893.333333
11.048769,13.258428,20.336328,27.251980,13.662772,21.291406,10.150138,25.123457,24.376459,18.479428,11.853190,9.290024,27.044992,19.804619,15.177807,11.792376,43.757334,-698.816020,-706.461324,-50213.333333,-21186.666667,-10313.333333
11.003903,13.267015,20.307447,27.249287,12.907548,21.026369,10.168984,24.901739,24.473642,18.506141,11.890586,9.358907,27.024007,19.821874,15.274497,11.838581,45.546666,-701.418681,-714.757324,-50306.666667,-20953.333333,-10780.000000
11.039357,13.328609,20.310284,27.136764,12.773518,20.850871,10.330230,24.603247,24.728672,18.824449,12.034778,9.611438,27.331335,20.168677,15.865194,12.346731,47.824001,-694.261332,-719.149333,-48533.333333,-20300.000000,-10593.333333
10.935611,13.436028,20.473700,27.231914,12.823325,20.892494,10.301249,25.198615,24.849261,18.825553,12.052502,9.764552,27.693771,20.464056,16.189049,12.749066,47.661334,-692.634664,-724.842651,-47600.000000,-18993.333333,-10453.333333
10.701625,13.433812,20.544221,27.245564,12.719762,20.837623,10.231281,24.966369,24.639538,18.771964,11.984223,10.015871,27.536205,20.542732,16.302185,12.876441,44.408001,-692.797323,-714.920003,-46573.333333,-18246.666667,-10080.000000
10.518905,13.447413,20.826931,27.486021,13.064661,21.389903,10.476483,25.001786,24.698379,18.906412,11.807858,10.221940,27.847295,20.780756,16.515072,13.014483,45.221334,-694.424032,-706.786662,-46013.333333,-18340.000000,-9893.333333
10.543038,13.651029,21.103796,27.856195,13.618400,22.432543,10.771060,24.938452,24.622689,18.867082,11.763506,10.336359,27.867566,20.711872,16.628807,13.088287,42.781333,-694.261332,-708.901347,-46246.666667,-18153.333333,-9940.000000
10.591595,13.689497,21.180364,28.036020,13.852842,22.502112,10.854737,25.481439,24.538877,18.790436,11.839012,10.379224,27.919277,20.790645,16.746255,13.172753,42.293335,-696.538676,-707.762655,-46340.000000,-18060.000000,-10080.000000
10.594834,13.762713,21.236965,28.262695,13.682690,22.526724,10.891453,25.462656,24.986045,19.053966,11.976537,10.206800,28.442463,21.110023,16.987624,13.174436,38.064000,-697.189331,-707.762654,-46760.000000,-17640.000000,-10080.000000
10.553311,13.681687,21.171769,28.118837,13.599500,23.342749,11.149912,25.579148,24.829312,18.979325,12.006305,10.073890,28.490587,21.176460,17.172558,13.256594,37.250666,-704.184001,-710.690674,-47740.000000,-17033.333333,-10313.333333
10.511552,13.676874,21.373441,27.782277,13.651691,24.153477,11.300278,26.391029,24.450951,18.816976,11.994128,10.213231,28.403662,21.183056,17.154083,13.267696,36.600001,-713.130676,-706.461324,-47086.666667,-16426.666667,-10313.333333
10.404641,13.613726,21.394384,27.388690,13.665736,24.191632,11.293733,26.421655,24.117291,18.586888,11.858425,10.351624,28.518831,21.266246,17.111294,13.354630,31.882667,-714.757324,-697.026672,-45546.666667,-14700.000000,-10266.666667
10.111024,13.518014,21.099189,27.039823,13.907512,24.640928,11.391898,26.441520,24.163068,18.726290,11.909350,10.421158,29.155125,21.708982,17.310689,13.514677,26.840001,-721.101339,-691.984009,-45033.333333,-13626.666667,-10546.666667
9.879626,13.454845,20.971383,27.125282,14.139758,25.009412,11.426526,26.682729,24.026377,18.653703,11.851383,10.423258,29.243466,21.838493,17.323310,13.474031,36.600000,-739.808024,-777.221334,-43913.333333,-12973.333333,-10686.666667
9.814621,13.443614,21.054288,27.246203,14.106776,24.781144,11.340964,26.636651,24.443104,18.959978,11.929396,10.587308,29.944412,22.210638,17.588490,13.610707,28.792000,-714.432027,-726.306681,-37753.333333,-6860.000000,-9706.666667
9.719661,13.100127,20.766649,27.095138,14.459981,24.459222,11.311444,26.267144,24.240763,18.861509,11.775474,10.699640,30.087234,22.206326,17.530944,13.610180,27.328000,-755.424011,-679.621338,-33646.666667,-5926.666667,-9753.333333
9.703678,12.862688,20.404967,27.016711,15.291789,24.504362,11.423835,26.349135,23.682820,18.357665,11.503570,10.648130,29.789531,21.961828,17.297939,13.476460,39.690667,-788.770670,-708.738688,-30006.666667,-7980.000000,-9240.000000
9.769883,13.038365,20.355493,26.709033,15.772080,24.179933,11.502003,26.376901,24.159184,18.661314,11.670991,10.670360,31.070820,22.732949,17.716574,13.543509,60.512000,-755.098694,-816.912008,-17500.000000,-2006.666667,-8213.333333
9.684936,13.160696,20.463565,26.594335,16.106515,24.100216,11.572890,26.392494,24.328670,18.788179,11.687662,10.657728,31.922359,23.212499,17.972545,13.595139,25.376000,-689.869324,-768.112020,-5880.000000,7046.666667,-7933.333333
9.649153,13.409752,20.800449,26.902646,16.165801,24.170533,11.504146,26.052677,24.607967,19.014730,11.650396,10.641016,32.242291,23.461275,18.253923,13.624845,37.088001,-680.760010,-773.642680,-8400.000000,2893.333333,-8446.666667
9.556012,13.365644,20.763451,26.940206,16.091426,24.249549,11.431223,25.975079,24.788879,19.160971,11.627180,10.568766,32.436382,23.487769,18.275658,13.486000,48.962668,-712.317342,-775.920003,-326.666667,4993.333333,-7000.000000
9.565151,13.393342,20.716171,26.998454,16.195958,24.346008,11.532940,26.265439,24.705979,19.019913,11.582000,10.554529,32.693034,23.559246,18.320541,13.516384,48.637333,-783.565348,-717.197347,6440.000000,3873.333333,-5273.333333
9.626293,13.552671,20.731803,27.121424,16.418215,24.577009,11.722187,26.167749,24.806941,19.029472,11.698226,10.595797,33.200140,23.858326,18.508618,13.648113,42.456001,-689.544027,-686.616008,20066.666667,6533.333333,-4620.000000
9.668987,13.650768,20.766465,27.142116,16.484523,24.593986,11.714631,26.053057,25.057744,19.196805,11.879558,10.635101,33.441542,23.941295,18.522410,13.561690,81.984001,-649.853353,-795.602682,16753.333333,3266.666667,-7233.333333
9.720143,13.705148,20.651040,26.754682,16.508700,24.986130,11.653124,25.536050,25.092210,19.295868,12.069428,10.629973,33.412986,23.979710,18.558410,13.560248,79.706667,-627.730672,-929.152038,13580.000000,4946.666667,-7046.666667
9.705228,14.028230,20.995653,26.991414,16.554792,25.289308,11.468006,25.157384,25.240421,19.415480,12.474109,10.555963,33.294213,23.942835,18.586371,13.499187,52.704000,-686.941325,-737.042684,24500.000000,5833.333333,-5273.333333
9.919908,14.339252,21.451650,27.499639,16.742963,25.344984,11.460561,25.362379,25.806612,19.937109,12.973572,10.602423,33.538507,24.054582,18.808080,13.480261,53.680002,-710.039998,-688.242676,36820.000000,6580.000000,-3826.666667
10.046432,14.501985,21.599496,27.614833,16.793537,25.523801,11.365512,25.574849,25.878418,20.108514,13.193439,10.723890,33.588365,24.110033,18.896080,13.482880,93.370669,-691.007996,-796.416016,43353.333333,2800.000000,-4106.666667
10.279443,14.584656,21.675105,27.629089,16.647310,25.212200,11.120202,24.151641,25.974229,20.292833,13.299504,10.924913,34.028881,24.517664,19.091280,13.905136,57.258666,-537.450663,-809.429321,46853.333333,10313.333333,-5740.000000
10.350249,14.696393,21.826255,27.565866,16.636419,25.247795,11.027446,23.177112,26.151046,20.580169,13.419343,11.066129,34.283868,24.739511,19.150814,14.005859,112.565336,-650.992025,-926.386678,35840.000000,606.666667,-7280.000000
10.419495,14.802787,21.892316,27.694865,16.731593,25.392775,11.097590,23.205025,26.007136,20.621767,13.349284,11.133353,34.108274,24.682320,19.233571,14.050952,80.357335,-652.130676,-740.458679,54273.333333,5226.666667,-2100.000000
10.781437,15.603428,22.673787,28.515741,16.925235,25.380667,11.223594,23.201732,26.373169,20.891515,13.610361,11.317676,33.849909,24.519465,19.118302,13.892342,97.274666,-634.074686,-767.624003,56000.000000,4620.000000,-2613.333333
10.972320,15.988764,22.971886,28.688172,16.854216,25.559179,11.152999,23.942417,26.586448,21.259728,14.103221,11.525293,33.697133,24.373481,19.214705,13.864876,98.413333,-668.560018,-798.530660,54693.333333,-1213.333333,-4433.333333
10.881237,15.991778,22.947712,28.488152,16.488114,25.260086,10.690370,24.079019,26.682266,21.471583,14.439256,11.561044,33.730244,24.353096,19.368481,13.928483,97.600001,-641.069336,-781.288005,56466.666667,1166.666667,-3826.666667
10.772040,15.883917,22.675119,27.788596,16.266285,24.937857,10.407242,24.159388,26.351445,21.580264,14.859327,11.536090,33.517837,24.270679,19.430566,13.930263,97.925334,-621.712016,-804.874654,59966.666667,2706.666667,-3920.000000
10.758952,15.819614,22.519808,27.363634,16.252328,24.910205,10.398234,24.164847,26.075413,21.509975,15.219360,11.481408,33.565061,24.393606,19.552140,13.975870,91.418668,-629.845337,-781.938680,58706.666667,373.333333,-3593.333333
10.758147,15.812236,22.466710,27.272686,16.061464,24.771690,10.326266,24.089931,25.878518,21.302769,15.222101,11.505598,33.396848,24.336229,19.469733,13.930545,93.696002,-621.224019,-774.618673,56280.000000,-5180.000000,-2613.333333
10.880656,15.868176,22.427618,27.359702,15.951461,24.763985,10.329034,24.152481,25.907610,21.302702,15.172105,11.578193,33.396228,24.314495,19.440092,13.883945,90.605334,-671.975993,-763.882690,56840.000000,-8726.666667,-2613.333333
10.913093,15.916516,22.410100,27.253468,16.167309,24.835179,10.544144,24.165123,25.925943,21.312054,15.051860,11.598601,33.175705,24.112266,19.431459,13.822884,85.074666,-657.336019,-743.874654,59266.666667,-6673.333333,-1586.666667
10.842627,15.832971,22.196406,26.953657,16.405203,24.770839,10.913340,24.168861,25.781621,21.189380,14.856925,11.658732,33.228749,24.223319,19.468014,14.020798,88.653335,-630.495992,-787.957357,59173.333333,-5926.666667,-2193.333333
10.735416,15.675352,22.028545,26.916123,16.500402,24.582634,11.013766,23.934799,25.957742,21.384722,14.882562,11.927111,33.556433,24.456013,19.509653,14.259578,82.146667,-640.418660,-795.114685,57773.333333,-6860.000000,-1493.333333
10.652032,15.570405,21.933250,26.764610,16.525613,24.575415,10.967581,23.884175,26.017462,21.446593,14.888369,12.013972,33.660896,24.485059,19.557078,14.352723,77.429334,-623.013326,-781.450684,57726.666667,-7746.666667,-186.666667
10.615285,15.388434,21.689558,26.156990,16.492748,24.507966,10.939696,24.016834,25.595225,21.269168,14.938412,12.087850,33.045980,24.061374,19.355505,14.258908,75.314667,-639.442668,-774.781352,56326.666667,-8260.000000,700.000000
10.499343,15.199505,21.392888,25.730466,16.514003,24.431302,11.015352,24.000706,25.326560,21.002653,14.807961,12.011909,32.844581,23.828313,19.175149,14.168480,79.381332,-646.600016,-794.138692,56326.666667,-7466.666667,2053.333333
10.468542,15.259179,21.539433,25.960682,16.450430,24.321197,10.982378,23.365038,25.235800,20.863966,14.726759,11.974178,32.631088,23.732360,19.139816,14.179208,83.285334,-666.607991,-807.314677,58193.333333,-3920.000000,3360.000000
10.279878,14.935718,21.043509,25.152833,16.219675,23.802978,10.957970,22.990990,25.195907,20.827935,14.691178,12.003147,32.708717,23.787060,19.279641,14.205898,73.037334,-647.250671,-769.413350,63466.666667,-420.000000,5740.000000
10.010979,14.468902,20.350449,24.226651,16.139707,23.606095,10.970460,23.042864,24.534991,20.237927,14.491458,11.825860,32.755480,23.785968,19.307408,14.240906,73.200001,-666.282694,-772.341350,64213.333333,-373.333333,7513.333333
10.100401,14.555690,20.422659,24.143021,16.231564,23.203458,11.030710,23.076300,24.580465,20.327110,14.523435,11.870455,32.920391,23.933024,19.459172,14.355336,76.453333,-664.981343,-787.144002,66080.000000,233.333333,9660.000000
10.109812,14.358189,20.077851,23.365613,16.291000,22.322405,11.044479,23.077938,24.107494,20.105785,14.346142,11.829090,32.792180,23.829646,19.448597,14.373858,67.181334,-672.301331,-783.890686,69160.000000,2426.666667,11806.666667
10.052857,14.213633,19.776590,22.980072,16.388268,21.991351,11.093253,23.079645,23.770906,19.936364,14.269655,11.751582,32.764737,23.765376,19.436441,14.341533,65.717333,-685.640015,-777.384013,72333.333333,4853.333333,13626.666667
10.117672,14.520167,20.258252,23.814337,16.728436,22.418350,11.107053,23.953370,24.166559,20.252402,14.372890,11.673979,32.878853,23.827219,19.515807,14.359538,59.048000,-679.946676,-772.504008,77093.333333,7653.333333,14840.000000
10.132431,14.657658,20.667583,24.421977,16.955871,22.515998,11.067589,24.182569,24.498622,20.548041,14.429054,11.693081,33.002599,23.932900,19.477040,14.371945,58.722668,-677.506673,-775.920003,80220.000000,9613.333333,15633.333333
9.884559,14.597154,20.612837,24.508924,16.849952,22.426014,10.968883,23.792739,24.198398,20.281935,14.303152,11.635862,32.657889,23.674747,18.972797,14.056779,49.125335,-682.223999,-756.725342,83300.000000,11060.000000,16426.666667
9.736862,14.689827,20.426044,24.451813,16.782514,22.319697,10.876639,22.528586,23.975502,20.208474,14.261319,11.530525,32.256215,23.287423,18.660747,13.714111,49.613335,-685.477356,-756.400004,84746.666667,11480.000000,16986.666667
9.662654,14.789801,20.399600,24.358332,16.845575,22.437068,10.782435,22.636164,23.966556,20.194678,14.289067,11.415520,32.145737,23.179246,18.598269,13.622966,46.848001,-679.784017,-752.983988,86613.333333,12786.666667,17220.000000
9.650971,14.843055,20.149542,24.067289,16.524079,21.839205,10.508926,22.572625,24.029639,20.138171,14.283411,11.270872,32.035612,23.019462,18.390517,13.401009,46.848000,-690.357341,-756.237325,87920.000000,13393.333333,17126.666667
9.555282,14.590252,19.546682,23.487612,15.848164,20.474924,10.147445,22.531042,24.023693,20.082010,14.268074,11.126906,32.002245,22.932166,18.133873,13.173987,43.594668,-690.194661,-734.927999,90113.333333,13766.666667,17126.666667
9.513647,14.508750,19.315320,23.307065,15.648773,20.395562,10.092265,22.098446,24.037026,20.178254,14.263751,11.040210,31.915112,22.859258,18.048751,13.052838,43.432000,-689.218689,-738.181336,90440.000000,13673.333333,16613.333333
9.664141,14.473934,19.349653,22.991522,15.719507,20.385674,10.057173,22.099737,23.399414,19.901570,14.308894,11.075658,31.310731,22.513492,17.799366,13.010535,42.781334,-690.357320,-739.970662,90580.000000,13626.666667,16333.333333
9.840945,14.539339,19.420380,23.057663,16.001090,20.173234,9.862088,21.768961,23.400504,19.907376,14.386334,11.123675,31.416537,22.558767,17.770369,12.973261,53.680001,-704.672017,-773.805338,92306.666667,14886.666667,16146.666667
10.083738,14.602360,19.308749,23.345249,16.249300,19.864204,9.803895,20.034204,23.310580,19.905148,14.357288,11.005774,31.185103,22.426905,17.723187,12.886013,43.919999,-695.562663,-728.909342,98513.333333,18340.000000,16473.333333
10.301230,14.702054,19.312659,23.550429,16.340335,19.822733,9.790570,19.952594,23.175021,19.972377,14.555291,10.891562,30.764689,22.178214,17.581667,12.703205,54.168000,-713.944010,-740.946675,98186.666667,15633.333333,15773.333333
10.410132,14.814890,19.312175,23.442232,16.270042,19.480410,9.825331,19.440436,23.129725,19.980023,14.653344,10.864119,30.528517,21.977202,17.571848,12.513765,57.909333,-693.447998,-726.794678,101593.333333,15913.333333,16240.000000
10.583461,15.205213,19.543225,23.338645,16.329413,19.467775,10.131265,18.978024,23.369775,20.184953,14.663384,10.986518,30.779668,22.062647,17.802277,12.576303,67.669335,-706.786682,-752.007996,103040.000000,14046.666667,16473.333333
10.654571,15.446217,19.585850,23.291247,16.492966,19.970046,10.470130,18.901506,23.026780,20.061384,14.643560,10.897670,30.223531,21.667293,17.650036,12.502332,58.234666,-681.736002,-713.130676,105093.333333,15493.333333,16986.666667
10.579683,15.385501,19.330944,23.102467,16.286494,20.128041,10.438199,18.736747,22.691651,19.759088,14.761293,10.622292,29.752283,21.353317,17.438296,12.331001,69.133334,-682.711995,-745.989339,103086.666667,14653.333333,16800.000000
10.736942,15.405186,19.540480,23.002420,15.958998,20.120196,10.815558,18.604757,23.006606,20.099122,15.120689,10.756035,30.187509,21.702761,17.730466,12.634071,68.808000,-695.237345,-743.386678,105653.333333,15586.666667,17640.000000
10.795264,15.259201,19.596480,22.899615,15.614523,20.273061,10.984339,18.763010,22.631907,20.014742,15.166847,10.852796,29.215199,21.163414,17.429919,12.682866,60.024001,-660.426676,-722.077332,108873.333333,19086.666667,18526.666667
10.770459,15.072131,19.323016,22.762739,15.267933,20.234040,11.040090,18.842810,22.261767,19.915725,15.117338,10.888757,28.205962,20.608287,16.991585,12.642776,57.909334,-656.685343,-706.949341,105980.000000,14746.666667,17920.000000
10.699194,14.743779,18.879052,22.422761,15.150457,20.163256,11.130342,18.954559,22.269568,19.890317,15.210679,10.926888,28.034729,20.496085,16.773874,12.600478,59.861333,-679.296021,-698.815999,100893.333333,13160.000000,18246.666667
10.776565,15.217271,18.998889,22.569112,15.225670,20.300712,11.177864,19.046857,22.245578,19.904767,15.367829,10.917377,27.778268,20.405880,16.680839,12.573539,62.789335,-711.015991,-693.936015,97440.000000,10780.000000,18293.333333
10.796206,15.532488,19.044564,22.503854,15.070631,20.054865,11.033527,18.702119,22.079471,19.813910,15.489524,10.882402,27.273797,20.060814,16.407646,12.410240,64.741333,-712.967997,-684.989359,97580.000000,12226.666667,18433.333333
10.719707,15.541194,19.046480,22.232118,14.758147,19.679311,10.776344,18.535938,21.970142,19.880428,15.742114,10.833874,27.177068,19.996433,16.277848,12.356391,59.048002,-704.509338,-691.008016,94686.666667,11480.000000,17360.000000
10.616079,15.466564,18.924266,22.011406,14.650498,19.622006,10.767415,18.357634,21.895567,19.989460,15.979706,10.747400,27.380359,20.346534,16.366686,12.456015,58.560000,-712.480001,-710.365336,90720.000000,9053.333333,16380.000000
10.487775,15.328099,18.800466,22.008894,14.628428,19.036106,10.774341,18.430136,21.442973,19.745955,16.146718,10.738126,26.903448,20.149660,16.156009,12.378261,51.565334,-730.698669,-681.410665,90580.000000,8726.666667,16426.666667
10.431247,15.023524,18.386346,21.769788,14.581543,18.727894,10.829441,18.585393,21.159284,19.504946,16.198531,10.767931,26.865078,20.121376,16.210020,12.474862,51.402668,-703.370687,-682.386678,92586.666667,9986.666667,16053.333333
10.476263,14.929458,18.060113,21.251336,14.463652,18.844149,10.917659,18.406828,20.630142,19.167605,16.378706,10.794538,26.634481,19.994266,16.182130,12.521374,52.866667,-699.304016,-700.117350,88666.666667,8773.333333,13953.333333
10.348713,14.761358,17.899421,21.107946,14.313279,18.894686,10.936162,18.411597,20.539319,19.022028,16.304565,10.732561,26.702494,19.882313,16.289112,12.578272,52.216001,-727.445353,-682.061340,85633.333333,7606.666667,13160.000000
10.405690,14.782914,18.007532,21.003220,14.448663,19.465541,11.150411,18.594434,20.650355,19.102747,16.750555,10.931989,26.634967,19.575535,16.738180,12.604868,58.885335,-724.680013,-693.122660,85446.666667,6160.000000,13113.333333
10.528283,14.684609,17.820225,20.713576,14.534858,19.928562,11.235516,18.518521,20.197664,18.762558,17.182439,10.946069,26.188501,19.223678,16.897077,12.527913,47.824001,-710.365316,-661.565328,84606.666667,7233.333333,12693.333333
10.468225,14.697825,17.889812,20.626894,14.437913,19.905026,11.224379,18.451827,20.133928,18.680833,17.432301,10.859345,25.863811,18.958775,16.698612,12.248139,58.397335,-720.288004,-704.346680,80453.333333,4153.333333,12086.666667
10.199305,14.413911,17.662787,19.916440,14.401573,19.985894,11.366482,18.902155,19.912817,18.726434,17.373674,10.856038,26.072290,19.088928,16.666384,12.431127,57.258667,-729.072001,-689.544006,79053.333333,4806.666667,12273.333333
10.064033,14.254449,17.529147,19.992268,14.540232,19.890306,11.420030,18.349526,19.558406,18.287359,17.252937,10.677339,25.839666,18.911853,16.388981,12.282319,55.469335,-710.040019,-694.912008,78586.666667,5086.666667,12833.333333
10.022986,14.250069,17.467420,20.025465,14.476642,19.828491,11.458548,18.041552,19.474928,18.086428,17.086078,10.701059,25.751762,18.759866,16.237366,12.135892,53.842668,-712.805339,-683.037354,76253.333333,6160.000000,12646.666667
9.905343,13.928393,16.900583,19.503439,14.261805,20.132837,11.423559,17.872601,18.793085,17.497483,16.669457,10.791021,25.395058,18.458748,16.089809,12.075451,49.450668,-719.312012,-657.661336,73920.000000,4760.000000,12646.666667
9.941571,13.797735,16.636548,19.369301,14.268601,20.741103,11.434645,17.832932,18.256568,17.001292,16.269328,10.898555,24.939509,18.094331,15.925446,12.009752,47.986668,-724.029337,-637.002685,70746.666667,3126.666667,12460.000000
9.978740,13.819095,16.715957,19.342265,14.355740,21.376051,11.471410,17.562390,18.184814,16.958277,16.294295,10.852680,24.704758,17.895615,15.801055,11.944223,53.517334,-724.029338,-649.690674,66966.666667,886.666667,11386.666667
9.845503,13.773741,16.825659,19.181548,14.347132,21.781914,11.455886,16.966747,18.302583,17.140772,16.609288,10.852041,24.760768,18.066163,15.890612,12.027486,95.810666,-750.381348,-812.682678,63886.666667,420.000000,10780.000000
9.706381,13.636411,16.590183,19.081579,14.046847,21.817273,11.295053,16.942491,18.149751,17.017583,16.638346,10.714187,24.625841,18.006540,15.789632,11.931378,52.866666,-724.517354,-698.490682,71913.333333,6860.000000,12086.666667
9.577995,13.563112,16.421797,19.177118,13.717737,21.931394,11.101082,17.172066,18.083529,16.966719,16.703884,10.501851,24.453484,17.776770,15.593285,11.674617,49.450666,-736.554667,-653.920003,70793.333333,7373.333333,11760.000000
9.590707,13.648084,16.547051,19.386990,13.550082,22.076471,11.121023,17.707857,17.969173,16.795297,16.732810,10.252812,23.651853,17.048670,15.116788,11.239487,48.637333,-720.125346,-682.874674,68740.000000,5506.666667,11340.000000
9.669955,13.646132,16.535625,19.398896,13.482844,22.052377,11.191128,17.659540,17.818339,16.643566,16.616799,10.152040,23.345842,16.844942,14.982463,11.212444,38.389334,-694.586670,-651.805318,65660.000000,9286.666667,11340.000000
9.650932,13.625312,16.450796,19.415477,13.633726,22.056909,11.156035,17.465129,17.863014,16.617871,16.541043,10.070332,23.485524,16.910833,15.035506,11.204988,45.221335,-696.701335,-673.602661,59733.333333,8586.666667,9800.000000
9.596032,13.576634,16.356428,19.459019,13.708647,22.253947,11.040098,17.904175,18.198536,16.830269,16.748471,10.173381,23.888440,17.246703,15.280032,11.371293,45.872002,-693.610677,-671.976033,55533.333333,6300.000000,8680.000000
9.600672,13.538209,16.173253,19.211958,13.671349,22.174891,10.915700,17.911870,18.098533,16.724483,16.805328,10.101338,23.835656,17.227256,15.208335,11.322951,48.312001,-709.877340,-656.522664,50446.666667,5646.666667,8213.333333
9.610364,13.459406,16.126317,19.121287,13.727710,22.045580,10.899340,18.158117,18.132739,16.831708,16.886237,9.963236,23.991162,17.391281,15.041540,11.249167,35.298668,-710.528015,-606.421326,47460.000000,4246.666667,7280.000000
9.559489,13.406783,16.083751,19.131132,13.803834,22.113768,10.913346,18.274652,18.316548,16.964301,16.959232,9.829286,24.322628,17.607860,15.061614,11.227246,49.613335,-725.493347,-645.136027,40833.333333,1540.000000,6486.666667
9.368907,13.233262,15.994632,19.277661,13.643775,22.111447,10.831382,18.569984,18.359803,16.887446,17.004688,9.612680,24.393928,17.522974,14.945210,11.055398,67.506667,-728.258687,-725.168009,41206.666667,4200.000000,7513.333333
9.236198,13.129332,15.774596,19.220010,13.361462,22.015504,10.681428,18.663195,18.386772,16.967306,17.128306,9.546901,24.316683,17.537011,14.925073,10.991206,47.661336,-704.997355,-675.717346,48300.000000,10546.666667,9660.000000
9.210936,13.099982,15.680283,19.308943,13.306664,21.987697,10.728337,18.676806,18.428648,17.024588,17.179425,9.518219,24.505326,17.762751,15.030237,11.122443,40.178667,-750.544027,-642.533345,41720.000000,7933.333333,8680.000000
9.183183,12.935696,15.150095,18.582697,13.045851,21.448220,10.784683,17.473345,17.935066,16.689360,17.148024,9.438663,24.346418,17.668353,14.996629,11.086314,44.733335,-706.949361,-637.002686,41113.333333,5040.000000,8400.000000
9.199858,13.047555,14.893381,18.029541,12.805655,21.291864,10.856186,16.932347,17.768128,16.560230,17.310376,9.394176,24.352213,17.650267,15.038259,11.099679,59.373332,-717.360006,-756.237345,36960.000000,8260.000000,6720.000000
9.210812,13.113301,14.927683,17.867975,12.686759,21.311845,10.845015,16.874621,17.927400,16.624830,17.376277,9.380948,24.415859,17.609172,15.087538,11.145467,27.328000,-718.173340,-637.002665,38780.000000,9286.666667,6766.666667
9.211060,12.895943,15.053493,17.876074,12.637606,21.446115,10.866893,17.401965,18.071095,16.744619,17.383018,9.303924,24.756609,17.865471,15.121599,11.254814,29.280000,-704.834676,-635.050679,30706.666667,4900.000000,4433.333333
9.216333,12.840405,15.215687,18.340597,12.618566,21.307691,10.877315,17.977452,18.280922,16.834499,17.375438,9.243222,24.891774,17.931739,15.116553,11.228515,54.168002,-720.450684,-682.061340,23893.333333,1120.000000,2146.666667
9.237638,12.765025,15.256100,18.484023,12.612757,21.251753,10.830852,18.152908,18.138817,16.779062,17.339453,9.321033,24.807979,17.911041,15.131246,11.293284,48.799999,-745.013347,-660.589355,23100.000000,1866.666667,1633.333333
9.215284,12.742823,15.353470,18.562177,12.607240,21.250839,10.809559,18.150681,18.140564,16.852803,17.381301,9.346018,24.765740,17.970579,15.164964,11.318547,65.879999,-756.562663,-685.477336,23660.000000,3640.000000,1773.333333
9.187697,12.782151,15.401807,18.643875,12.598227,21.223256,10.745186,17.968434,18.063767,16.759545,17.356770,9.351369,24.712848,17.946103,15.148055,11.293290,48.962668,-735.904012,-647.250651,29773.333333,4293.333333,2006.666667
9.066743,12.743534,15.281064,18.720176,12.532900,21.112139,10.677865,17.807332,18.093835,16.703168,17.250848,9.301801,24.706218,17.875883,15.051102,11.189290,52.704001,-739.970662,-651.642680,26833.333333,3920.000000,1493.333333
8.924700,12.670895,15.137103,18.529420,12.162474,20.638057,10.628717,17.548962,18.066118,16.690101,17.294258,9.211235,24.584317,17.835849,14.987477,11.125924,50.101334,-736.554667,-648.226664,26273.333333,3266.666667,1540.000000
8.693257,12.490958,14.771570,17.822990,11.736876,20.145179,10.518343,17.441040,17.820743,16.474927,17.284882,9.128825,24.349874,17.691622,14.888117,11.096933,54.818667,-725.005330,-654.245321,26273.333333,5506.666667,2146.666667
8.418144,12.417404,14.688732,17.653522,11.555933,20.118330,10.479736,17.607589,17.683571,16.232029,17.119230,9.039310,24.289901,17.629034,14.839708,11.007790,54.005334,-713.781332,-647.413330,25293.333333,6580.000000,2380.000000
8.281767,12.261323,14.699144,17.738162,11.363077,19.836202,10.314612,17.619371,17.522175,16.078020,17.068624,8.996087,23.786901,17.332615,14.527597,10.784468,59.048001,-717.685343,-651.154684,22073.333333,5273.333333,1960.000000
8.083083,11.775919,14.280696,17.432550,10.970967,19.386700,9.884324,17.637423,17.165790,15.758479,17.166049,8.926837,23.300640,17.112732,14.265392,10.644512,55.794667,-714.432007,-632.610677,22353.333333,5460.000000,1820.000000
7.926036,11.319102,13.818557,17.146108,10.765228,19.032508,9.546171,17.846376,16.943306,15.468020,17.142279,8.837031,23.192310,17.176320,14.195052,10.523067,52.541335,-714.594665,-624.314677,19786.666667,5320.000000,1633.333333
7.910275,11.419701,13.877326,17.180233,10.761201,18.912913,9.506564,18.050555,17.087653,15.588922,17.038189,8.862050,23.215796,17.153423,14.219133,10.491164,62.626668,-726.469340,-653.757345,16146.666667,4013.333333,1120.000000
7.626230,11.429223,13.465501,17.077944,10.400198,18.803945,8.994459,18.018673,16.616117,15.103091,16.762440,8.575011,22.447941,16.556094,13.797369,10.001421,54.818667,-721.426656,-647.576009,16566.666667,4806.666667,1680.000000
7.457399,11.471007,13.370466,17.142545,10.225321,18.609974,8.726978,17.558057,16.536157,14.873916,16.706122,8.405881,22.019077,16.250808,13.582649,9.721025,52.378667,-729.885335,-645.624003,15306.666667,5133.333333,2380.000000
7.421527,11.475656,13.520043,17.226130,10.271939,18.637876,8.588423,17.498620,16.632074,14.929705,16.807077,8.330980,22.060881,16.259919,13.671137,9.647035,52.541333,-731.674662,-647.250671,16146.666667,5786.666667,3220.000000
7.368651,11.500030,13.660947,17.306401,10.277686,18.581380,8.432253,17.618062,16.426828,14.833766,16.785709,8.252374,21.894758,16.132437,13.652848,9.575835,45.058667,-723.378662,-643.021342,15960.000000,7000.000000,3686.666667
7.224131,10.746668,13.458075,17.016415,10.188144,18.262296,8.385161,17.373501,16.128550,14.531228,16.647110,8.261755,21.634545,15.927503,13.556927,9.542548,43.594666,-723.378682,-639.117330,13580.000000,6860.000000,3406.666667
7.169144,10.141068,13.469440,17.077277,10.263065,18.242588,8.429055,17.676796,16.163861,14.550155,16.518203,8.302356,21.592051,15.954149,13.530502,9.504346,45.872000,-731.024007,-643.997335,10593.333333,6300.000000,2893.333333
7.182123,9.776120,13.399078,17.144023,10.297314,18.185679,8.388022,18.040939,16.054258,14.361009,16.183337,8.389163,20.937652,15.611269,13.424014,9.384826,46.360001,-725.981343,-645.623983,9333.333333,7186.666667,2520.000000
7.197913,9.683628,13.425079,17.229851,10.279646,18.142272,8.347076,18.089375,15.752775,13.944436,15.778747,8.354784,20.053470,14.828279,13.088086,9.104622,47.986668,-733.626668,-643.672018,6813.333333,6720.000000,2100.000000
7.177951,9.690596,13.419924,17.160110,10.176142,18.146932,8.298445,17.937634,15.770830,13.910293,15.483022,8.330750,19.998095,14.610965,13.024191,8.981660,48.637335,-732.325338,-644.647990,5973.333333,5973.333333,1773.333333
7.053953,9.643867,13.414334,17.044914,10.061111,18.032591,8.197218,17.690404,15.668077,13.871147,15.052842,8.314863,19.974664,14.574402,12.859730,8.873510,49.938667,-730.861328,-651.317342,4386.666667,5413.333333,1540.000000
6.675052,9.386897,13.326275,16.794608,9.893975,17.797558,7.955209,17.543255,15.374730,13.598907,14.362115,8.211672,19.625897,14.248308,12.478109,8.674386,50.914667,-729.072001,-656.847982,3313.333333,5086.666667,1306.666667
6.697470,9.446241,13.379469,16.837722,9.853382,17.435795,7.832470,17.146926,15.414328,13.633557,14.316165,8.142267,19.485233,14.279255,12.197008,8.548204,50.264001,-734.277344,-655.872009,1960.000000,4340.000000,1073.333333
6.233799,9.275386,13.062123,16.760485,9.465651,16.829534,7.395109,16.773701,14.996001,13.164247,13.602149,7.503688,18.894340,14.066870,11.213800,7.818857,49.450667,-734.765340,-660.101339,2006.666667,4013.333333,1120.000000
5.878461,9.290298,13.002482,16.771281,9.204603,16.261822,7.223433,16.686593,14.991069,13.121322,12.665962,7.244428,18.870533,14.070268,10.664316,7.605926,48.800001,-731.024007,-655.546671,1586.666667,4153.333333,933.333333
5.936185,9.136983,12.702305,16.859829,9.150143,16.162795,7.031892,16.998400,14.866222,12.991488,12.211601,7.205564,18.751813,14.030828,10.521245,7.505311,52.866667,-737.856018,-659.613342,420.000000,3406.666667,420.000000
5.884099,8.693305,11.862089,16.791351,8.882442,16.161913,6.498391,17.183422,14.464893,12.406949,12.019514,6.935280,18.352044,13.859647,10.605644,7.117744,55.632001,-735.578674,-659.288025,326.666667,3033.333333,140.000000
5.883016,8.585249,11.714172,16.642584,8.605683,16.080224,6.317332,16.884064,14.480195,12.448131,11.703673,6.876821,18.467596,13.974167,10.694821,7.174095,57.421335,-738.181356,-657.010681,93.333333,2846.666667,-560.000000
5.917009,8.446225,11.608823,16.587889,8.523741,15.948637,6.211972,16.868441,14.422067,12.428879,11.583557,6.729285,18.470614,14.036578,10.586516,7.198899,57.746667,-736.717346,-656.360006,-700.000000,1680.000000,-1260.000000
5.875835,8.540262,11.742814,16.554949,8.524307,15.368218,6.242167,16.887722,14.410284,12.428673,11.590393,6.444562,18.213673,13.867342,10.404573,7.217010,61.813333,-735.578674,-661.240031,-1446.666667,840.000000,-1960.000000
5.698012,8.549009,11.766462,16.562920,8.381265,14.527712,6.250458,16.961116,14.532378,12.497587,11.619000,6.232506,18.217789,13.815961,10.279820,7.176893,61.650668,-738.181335,-664.493347,-1960.000000,93.333333,-2660.000000
5.546868,8.450371,11.658584,16.505243,8.069354,13.461300,6.120153,16.967188,14.550714,12.453740,11.539120,6.141725,18.159479,13.751421,10.318380,7.183365,61.488000,-739.645345,-663.517354,-2146.666667,-700.000000,-2986.666667
5.627115,8.473680,11.570090,16.431725,8.040325,12.690956,6.147777,16.977664,14.517465,12.306150,11.261395,6.072418,18.156014,13.617658,10.365730,7.137234,62.301336,-742.248006,-664.656006,-2193.333333,-1353.333333,-3360.000000
5.694040,8.563823,11.663509,16.506219,8.071411,12.557057,6.094389,17.207550,14.608958,12.315832,11.201087,6.062841,18.173611,13.601901,10.413367,7.111556,64.253334,-742.736023,-668.885356,-2613.333333,-2100.000000,-3733.333333
5.677570,8.555821,11.600941,16.418885,8.035896,12.371679,5.954379,17.214002,14.614466,12.275981,11.103987,6.027412,18.233298,13.646649,10.438659,7.080552,63.928002,-740.296020,-668.722656,-2053.333333,-2286.666667,-3686.666667
5.587346,8.453609,11.408866,16.178169,7.971087,12.236498,5.843708,16.778395,14.407403,12.126222,10.959588,5.958167,18.085173,13.566960,10.365868,6.997877,65.554667,-738.181356,-671.487996,-1960.000000,-2053.333333,-3826.666667
5.582614,8.588921,11.597972,16.388620,7.995568,12.501797,5.728318,16.857112,14.590883,12.262655,11.025274,5.994992,18.234795,13.641456,10.340456,6.880655,64.416002,-740.296020,-672.301331,-1680.000000,-2100.000000,-3733.333333
5.664123,8.715926,11.831487,16.693410,7.733078,12.440245,5.729439,16.754444,14.812026,12.412823,11.136832,6.006148,18.373211,13.777857,10.312545,6.882672,64.253333,-737.855998,-670.512004,-1306.666667,-2100.000000,-3733.333333
5.640735,8.643537,11.703154,16.473369,7.467087,11.991700,5.771130,16.354994,14.580044,12.231682,11.031969,5.776100,18.053797,13.570478,10.108854,6.749773,65.554667,-738.669332,-673.765340,-1213.333333,-1820.000000,-3593.333333
5.616458,8.633104,11.592709,16.293559,7.406896,11.865989,5.744740,16.486701,14.464268,12.153491,10.967700,5.726587,17.934676,13.477197,10.045245,6.653276,65.392002,-738.344014,-674.416016,-980.000000,-1586.666667,-3546.666667
5.562396,8.627311,11.621104,16.289422,7.250758,11.724825,5.535948,16.233417,14.284835,11.882394,10.920170,5.745414,17.503078,13.189322,10.049949,6.629965,66.042666,-737.042684,-673.114665,-746.666667,-1260.000000,-3406.666667
5.578867,8.677608,11.687827,16.305259,7.185648,11.584588,5.515935,16.026804,13.986192,11.660850,10.869844,5.778933,16.782845,12.791105,9.882002,6.576893,64.741336,-734.927999,-672.626668,-373.333333,-1400.000000,-3173.333333
5.652517,8.866567,11.935180,16.185368,7.385568,11.479024,5.670483,15.877392,14.079936,11.745280,10.960300,5.852544,16.608663,12.767156,9.865403,6.561731,65.554670,-737.693339,-672.464010,-420.000000,-1306.666667,-3033.333333
5.757258,8.964166,12.094960,16.108145,7.500369,11.691776,5.804377,15.856522,14.172042,11.748059,11.169400,5.906184,16.746453,12.814877,10.005266,6.622311,64.090666,-739.808024,-672.789348,-513.333333,-1446.666667,-2800.000000
5.920471,9.079399,12.458067,16.164227,7.366309,11.766750,5.644914,15.760438,14.213701,11.752620,11.264155,5.934833,16.469465,12.663147,9.944587,6.488350,63.928002,-738.506673,-674.578674,-326.666667,-1446.666667,-2613.333333
5.904559,8.973464,12.653106,15.890614,7.143351,11.615458,5.521007,15.687081,14.201362,11.827343,11.370256,5.858080,16.538692,12.808195,9.918798,6.442243,64.253334,-738.181356,-674.903992,-420.000000,-1446.666667,-2380.000000
5.788389,8.738236,12.883693,15.547404,6.931409,11.527309,5.433272,15.677065,13.993697,11.759285,11.282593,5.706912,16.500873,12.859511,9.850023,6.376816,62.138667,-737.530680,-677.018677,-466.666667,-1353.333333,-2100.000000
5.796569,8.695016,13.068355,15.536531,6.885363,11.463505,5.445454,15.598561,13.787439,11.579486,11.191964,5.571532,16.221622,12.643697,9.745944,6.237094,62.301335,-736.229350,-675.880005,-233.333333,-933.333333,-1773.333333
5.796185,8.680590,13.059843,15.284051,6.790845,11.138282,5.400796,15.119612,13.583316,11.395380,11.134683,5.520350,15.680896,12.268404,9.629059,6.008763,61.325334,-737.042684,-676.855998,-186.666667,-513.333333,-1400.000000
5.848309,8.631030,12.956070,14.804416,6.747200,11.022253,5.409747,14.325670,13.320465,11.238149,11.109899,5.503287,15.403945,12.150851,9.574323,5.996918,61.162668,-735.903992,-678.157328,-46.666667,-186.666667,-1166.666667
5.811507,8.554638,12.869252,14.417143,6.690722,11.001853,5.397913,13.976050,13.137451,11.122529,11.048511,5.383049,15.177416,12.006455,9.427771,5.875939,60.674669,-734.440023,-676.368002,-93.333333,233.333333,-700.000000
5.803168,8.500395,12.843018,14.143240,6.725343,10.975364,5.449338,14.018562,13.039241,11.069872,10.992321,5.389388,15.218194,11.970814,9.412782,5.857796,58.722666,-734.277343,-675.554687,-326.666667,466.666667,-560.000000
5.801911,8.499512,12.864767,13.982811,6.758440,10.871994,5.429627,13.953301,13.051616,11.114244,10.935403,5.440606,15.270359,11.992593,9.421145,5.895430,57.909335,-732.325358,-677.181335,-513.333333,373.333333,-420.000000
5.814056,8.537381,12.893482,13.933433,6.828000,10.948086,5.399858,13.841633,13.099952,11.094955,10.819730,5.438411,15.365165,12.035385,9.370187,5.896387,56.770668,-733.138672,-675.554667,-793.333333,280.000000,-186.666667
5.893988,8.586121,13.064993,14.151114,6.935762,11.148705,5.378996,13.708790,13.361024,11.191923,10.647736,5.447236,15.790560,12.322388,9.482747,5.976981,55.144001,-732.976013,-677.832011,-886.666667,326.666667,-140.000000
6.053181,8.739080,13.545078,14.494903,7.018481,11.645736,5.408825,14.068979,13.577197,11.392077,10.406756,5.498546,16.043585,12.485887,9.571115,6.031387,57.096000,-734.440002,-676.042664,-746.666667,326.666667,-46.666667
6.091552,8.697154,13.756142,14.314704,7.008079,11.501215,5.417998,13.855635,13.520640,11.416539,10.195273,5.470084,16.030141,12.461794,9.563412,6.040500,55.469334,-735.090678,-675.066671,-793.333333,233.333333,140.000000
6.060778,8.732199,14.222853,14.241558,7.011580,11.428864,5.403425,14.143083,13.534929,11.452761,10.142473,5.452457,16.032364,12.456853,9.537625,6.026941,54.168001,-735.904012,-676.368001,-886.666667,-93.333333,-93.333333
6.011990,8.803648,14.668214,14.318816,7.083686,11.475501,5.404750,14.525305,13.565807,11.425168,10.074912,5.391751,15.970903,12.373108,9.324536,5.893039,53.517334,-739.808004,-674.578674,-700.000000,-140.000000,-93.333333
6.149285,8.875565,14.961279,14.350647,7.186642,11.488596,5.541484,14.860694,13.517360,11.402399,9.985365,5.380749,15.861182,12.257245,9.185647,5.958846,53.354666,-741.109334,-673.928019,-560.000000,-186.666667,-186.666667
6.216226,8.860435,15.317828,14.460987,7.156314,11.627210,5.603356,14.599651,13.447960,11.369696,9.912248,5.327716,15.748303,12.150711,9.117203,5.955792,53.192000,-741.272013,-673.602682,-140.000000,140.000000,-280.000000
6.253718,8.964830,15.664156,14.769819,7.145681,11.954181,5.590335,14.665781,13.558320,11.471622,9.874647,5.341936,15.815515,12.173083,9.101159,6.008495,53.680000,-738.994690,-671.813354,-186.666667,140.000000,-560.000000
6.295924,8.973642,16.022653,14.913456,7.142098,12.044172,5.566155,14.760435,13.660129,11.529843,9.862721,5.325513,15.812885,12.301438,9.177082,6.017713,55.144001,-736.717326,-674.904012,-46.666667,-93.333333,-886.666667
6.302301,8.895083,16.310263,14.944228,7.103862,12.038771,5.600322,14.807741,13.684243,11.466764,9.758527,5.375267,15.690400,12.309529,9.091451,5.984567,55.144000,-733.789327,-675.229350,93.333333,-186.666667,-1166.666667
6.315798,8.837507,16.226070,14.868343,7.068423,11.939080,5.588490,14.388476,13.820869,11.584180,9.768782,5.548985,15.881421,12.488191,9.258694,6.055067,57.421335,-732.813334,-677.994669,-280.000000,-513.333333,-1446.666667
6.471828,8.887510,16.205293,14.890539,7.052769,12.022007,5.604700,14.520583,13.706543,11.587451,9.763541,5.873168,15.690588,12.374857,9.264207,6.107444,58.722667,-731.837341,-679.296021,-280.000000,-606.666667,-1540.000000
6.608471,8.967118,16.818263,14.819740,6.944793,12.012638,5.612603,14.345415,13.785319,11.634582,9.795911,5.924791,15.733218,12.341242,9.249051,6.097889,58.397335,-732.650676,-682.874695,-560.000000,-933.333333,-1586.666667
6.674495,9.030512,17.553200,14.702445,6.949453,12.117266,5.680178,14.179727,13.768075,11.607444,9.776369,5.802278,15.682023,12.235643,9.163761,6.084127,58.560000,-732.000020,-685.640015,-933.333333,-1073.333333,-1540.000000
6.748349,9.107180,18.073423,14.826491,6.971853,12.260218,5.756603,14.150137,13.829866,11.703389,9.815204,5.795489,15.658750,12.190209,9.201859,6.129143,59.698666,-738.344015,-686.290670,-1353.333333,-933.333333,-1680.000000
6.985563,9.393789,18.726021,15.015371,7.480429,12.282136,6.409280,14.499852,14.231724,12.090982,9.993587,6.221593,16.079314,12.460219,9.558283,6.573311,58.397334,-740.621338,-683.850668,-746.666667,-1213.333333,-1493.333333
7.027977,9.445165,18.915860,15.065755,7.656968,12.296035,6.722545,14.908761,14.272006,12.124657,9.994103,6.301179,16.115299,12.446267,9.592864,6.711780,60.024001,-738.181335,-680.760010,606.666667,-1400.000000,-1540.000000
7.046140,9.466771,19.052228,15.128745,7.763111,12.506479,6.876188,14.920382,14.299258,12.154901,10.067315,6.375702,16.262248,12.513465,9.617624,6.745098,59.210668,-738.018677,-677.344015,1680.000000,-933.333333,-1633.333333
7.079494,9.522179,19.367246,15.126197,7.924214,12.866494,7.032780,15.282067,14.352944,12.239972,9.989750,6.435664,16.378373,12.472461,9.612909,6.793235,58.722666,-737.693339,-675.554667,2006.666667,-560.000000,-1726.666667
7.099011,9.516143,19.495862,15.167250,7.949708,13.054452,7.047892,15.244429,14.436290,12.253194,10.047841,6.478058,16.386669,12.442029,9.567100,6.775112,59.373334,-737.693339,-674.903992,2380.000000,-606.666667,-2053.333333
7.215589,9.706334,19.584481,15.192892,8.148623,13.217628,7.180635,15.246674,14.551395,12.348436,10.330335,6.605891,16.456409,12.584256,9.755280,6.969076,58.560001,-738.181335,-673.440023,2613.333333,-746.666667,-2100.000000
7.268127,9.931155,19.789709,15.113117,8.423518,13.357413,7.515404,15.537961,14.697750,12.481754,10.424698,6.761642,16.604148,12.669627,9.915564,7.232868,60.349335,-736.392009,-675.392009,2986.666667,-793.333333,-2100.000000
7.289105,10.087408,19.967319,14.838059,8.594864,13.222306,7.823724,15.117751,14.835167,12.603858,10.387672,6.905469,16.801976,12.663080,9.920507,7.427650,60.512001,-733.626668,-672.952006,3453.333333,-466.666667,-2006.666667
7.238151,10.122146,20.065127,14.671433,8.675728,13.049572,8.044253,14.936785,14.884698,12.613738,10.321432,7.010234,16.799829,12.571156,9.747427,7.436504,59.048002,-732.976013,-674.416016,3126.666667,-326.666667,-2006.666667
7.206800,10.152372,20.076259,14.745844,8.644666,13.086810,8.064320,14.931713,14.858830,12.577284,10.363263,7.051019,16.730388,12.493578,9.626452,7.364314,60.512000,-732.325338,-674.416016,2566.666667,-373.333333,-2100.000000
7.258054,10.252486,20.142990,14.874726,8.884104,13.055108,8.250892,14.975397,14.879549,12.639017,10.514738,7.181542,16.697619,12.547995,9.629393,7.435306,58.722669,-734.277323,-676.368022,2053.333333,-140.000000,-1960.000000
7.417866,10.492478,20.465370,14.921814,9.339855,13.233166,8.605642,15.206796,14.965205,12.833677,10.650527,7.318526,16.788704,12.674006,9.712992,7.668578,58.722668,-733.789348,-675.554688,1680.000000,46.666667,-1680.000000
7.516201,10.582918,20.776536,14.960484,9.555426,13.296385,8.805756,15.426988,15.143092,13.059490,10.848474,7.353825,16.951813,12.780327,9.763697,7.765572,59.373333,-735.904012,-674.415995,1493.333333,140.000000,-1446.666667
7.413693,10.522517,20.700468,15.007381,9.534853,13.199519,8.772930,15.339951,14.947196,12.902852,10.805942,7.313201,16.671502,12.567489,9.538880,7.636989,55.632001,-736.554667,-674.904012,1213.333333,373.333333,-1026.666667
7.500530,10.633074,20.854214,15.221525,9.653509,13.076510,8.910573,15.186766,15.062416,13.003089,10.850667,7.441802,16.751560,12.623057,9.539661,7.721016,54.656001,-736.717346,-676.693339,1260.000000,513.333333,-653.333333
7.645577,10.944049,21.169844,15.209623,9.792340,12.999237,9.108023,14.960904,15.227637,13.187451,10.822916,7.574798,16.911786,12.640020,9.602095,7.891906,55.632000,-738.832011,-678.157328,1306.666667,933.333333,-140.000000
7.771706,11.326633,21.696584,15.219185,9.879902,12.897979,9.299490,14.875191,15.422437,13.433001,10.800024,7.802597,17.140506,12.668769,9.645804,8.018414,54.656001,-738.994690,-675.554667,1726.666667,1400.000000,420.000000
7.687977,11.374830,21.707097,15.169562,9.778944,12.585626,9.363912,14.783647,15.264226,13.324465,10.850770,7.836953,16.991989,12.622518,9.638269,7.983665,55.794666,-738.506673,-676.368022,2053.333333,1633.333333,700.000000
7.756852,11.566884,21.764870,15.331695,9.872253,12.421471,9.425074,14.776228,15.208998,13.269364,11.036155,7.893564,16.789424,12.636014,9.824972,8.026255,55.306667,-737.205343,-675.554667,2660.000000,1913.333333,1026.666667
7.922890,11.857513,21.896881,15.530977,10.086546,12.501917,9.599282,14.771820,15.365575,13.374953,11.090431,7.987051,16.818628,12.652584,9.917523,8.073270,53.842666,-734.927999,-675.066671,3313.333333,2520.000000,1213.333333
7.997855,11.960392,21.977752,15.598524,10.203191,12.534774,9.741009,14.761061,15.476619,13.447973,11.063165,8.006609,16.925928,12.700770,9.933013,8.173514,52.541335,-736.392029,-675.554667,3500.000000,2706.666667,1260.000000
8.013740,11.982140,22.238473,15.555606,10.204757,12.531629,9.782734,14.739213,15.514088,13.500297,11.001205,7.968820,16.975825,12.657509,9.904877,8.152648,53.354668,-735.415996,-674.578654,3686.666667,2846.666667,1400.000000
8.067608,12.055473,22.690113,15.579932,10.204689,12.500613,9.847183,14.741675,15.650396,13.660485,10.992726,7.970843,17.034909,12.597739,9.842346,8.109377,54.005334,-734.277344,-671.813355,3733.333333,3033.333333,1353.333333
8.037194,12.008419,22.844520,15.565371,10.011034,12.287068,9.689003,14.468078,15.542894,13.666404,10.869250,7.982871,16.903317,12.480529,9.711324,8.047521,55.632000,-732.487996,-675.229329,3593.333333,3033.333333,1260.000000
8.000582,11.956404,22.797348,15.662410,9.880084,12.027197,9.562232,14.404485,15.360603,13.554115,10.402256,7.990692,16.574984,12.282686,9.533578,7.912538,55.144001,-735.416016,-674.578675,3966.666667,3126.666667,1120.000000
7.896654,11.886920,22.635708,15.589726,9.794882,11.827724,9.567320,14.415872,15.283998,13.502995,10.074125,7.977047,16.363215,12.109178,9.416842,7.802390,57.258668,-733.301331,-673.765340,4573.333333,3126.666667,1120.000000
