4.659423,5.707041,7.337736,8.320254,4.853619,4.123967,4.194749,7.791572,8.311969,7.225639,5.499966,4.610993,8.829004,7.150997,5.220852,4.405985,97.112000,-663.354676,-741.597351,1773.333333,1586.666667,-1120.000000
4.687467,5.653313,7.319942,8.301508,4.830477,4.151828,4.215692,7.744420,8.337927,7.187240,5.499137,4.637896,8.920427,7.164842,5.225158,4.386664,96.298668,-661.565328,-740.296020,1866.666667,1633.333333,-1026.666667
4.691260,5.616840,7.304028,8.272406,4.826974,4.077965,4.159787,7.780767,8.345996,7.108373,5.465763,4.592891,8.928651,7.068406,5.136825,4.384132,98.413333,-661.077352,-742.736002,1866.666667,1446.666667,-1026.666667
4.674504,5.605604,7.263558,8.209299,4.801331,4.027881,4.097371,7.713168,8.374080,7.083490,5.506106,4.622366,8.988583,7.050952,5.139205,4.407577,98.576001,-659.776001,-744.200012,2006.666667,1306.666667,-840.000000
4.675480,5.602040,7.243010,8.137444,4.791376,4.076235,4.149464,7.716363,8.363180,7.080111,5.507360,4.685573,9.238489,7.219294,5.309664,4.568158,97.112002,-659.776021,-744.199992,2286.666667,1260.000000,-746.666667
4.688641,5.629666,7.273959,8.121121,4.833687,4.156323,4.237075,8.034856,8.338660,7.048695,5.460197,4.685625,9.674159,7.466125,5.380729,4.667123,97.925334,-660.101339,-744.037333,2426.666667,980.000000,-560.000000
4.678348,5.636401,7.263960,8.074418,4.811945,4.155954,4.233871,8.003113,8.338053,7.043490,5.470031,4.680701,9.774793,7.532399,5.388718,4.685505,99.389336,-659.613342,-743.712016,2566.666667,1026.666667,-373.333333
4.690852,5.641845,7.271762,8.071324,4.824341,4.145325,4.220423,8.080183,8.365629,7.079530,5.522811,4.709355,9.900258,7.576123,5.446616,4.731880,97.600001,-661.077352,-743.061361,2846.666667,980.000000,-373.333333
4.726827,5.657519,7.304244,8.127375,4.810150,4.148129,4.220467,8.233008,8.387464,7.083990,5.567437,4.731919,9.957880,7.594591,5.477534,4.775813,97.925336,-657.986695,-742.410665,3173.333333,1026.666667,-93.333333
4.731300,5.667956,7.344291,8.119903,4.810472,4.171234,4.241192,8.291416,8.403186,7.098542,5.607069,4.774012,10.044171,7.629026,5.536456,4.792127,97.112002,-657.335999,-746.151998,3500.000000,1166.666667,0.000000
4.737561,5.678073,7.376559,8.113962,4.801819,4.171461,4.231607,8.267249,8.501137,7.163951,5.623134,4.781171,10.096923,7.672197,5.582692,4.782043,98.088000,-659.125346,-744.525330,3780.000000,1353.333333,186.666667
4.741284,5.632138,7.309648,7.882459,4.858338,4.287077,4.358561,8.324505,8.444712,7.132335,5.543838,4.815264,10.114361,7.691323,5.630709,4.810829,98.088003,-656.848022,-746.802673,4013.333333,1306.666667,233.333333
4.783130,5.715080,7.390125,7.882300,4.866600,4.304716,4.380767,8.446902,8.396968,7.099705,5.489450,4.838261,10.393362,7.930200,5.778691,4.872037,97.600001,-657.986674,-746.314697,4293.333333,1540.000000,373.333333
4.764618,5.731302,7.322936,7.878289,4.876184,4.293905,4.373344,8.566546,8.326737,7.017924,5.483163,4.818721,10.538512,7.997557,5.784298,4.869863,98.413333,-657.986674,-745.176005,4853.333333,1820.000000,560.000000
4.781661,5.806303,7.574193,8.607504,5.009274,4.709843,4.791092,9.409395,8.434541,7.095821,5.540549,4.849080,10.737445,8.092166,5.942184,5.031844,98.413335,-659.613342,-747.616028,5366.666667,1866.666667,793.333333
4.756711,5.909591,7.721267,9.016205,5.165991,5.162843,5.248175,9.740950,8.492181,7.129236,5.527367,4.831254,10.959431,8.113205,5.926417,4.984653,97.762667,-659.125346,-749.567993,6113.333333,2053.333333,933.333333
4.773793,6.007679,7.894720,9.284470,5.213897,5.149676,5.229209,9.984562,8.741305,7.260611,5.584607,4.785606,11.173358,8.204874,5.928076,4.991807,98.576004,-660.752014,-748.429362,6720.000000,2333.333333,1120.000000
4.800572,6.093582,8.048049,9.440606,5.232080,5.151511,5.230832,10.093990,8.888798,7.299293,5.615420,4.797567,11.250875,8.254727,5.965905,5.027003,96.298668,-660.101339,-748.429342,7420.000000,2333.333333,1213.333333
4.758910,6.115612,8.100312,9.477836,5.178416,4.967185,5.051106,10.213797,8.887351,7.359665,5.629175,4.787324,11.218286,8.271664,5.966121,5.016224,96.135999,-662.378682,-748.104004,8073.333333,2613.333333,1446.666667
4.750926,6.106223,8.135145,9.727965,5.169697,5.022583,5.101906,10.786481,8.936361,7.392859,5.629245,4.775885,11.500323,8.484497,6.134859,5.063707,94.509336,-662.704000,-747.290670,8913.333333,2800.000000,1680.000000
4.804465,6.144291,8.317620,10.080446,5.190271,5.135368,5.221445,11.124839,9.193754,7.561165,5.753838,4.807134,11.799279,8.657911,6.262115,5.109389,95.810666,-663.517354,-747.616008,9613.333333,3080.000000,1866.666667
4.755835,6.091524,8.305273,10.221776,5.154720,5.158576,5.242307,11.051666,9.265265,7.563500,5.748121,4.754994,11.920266,8.670813,6.236734,5.090448,94.021332,-663.842672,-745.664002,9986.666667,3313.333333,1960.000000
4.674106,6.029601,8.242875,10.165980,5.100920,5.161500,5.247071,10.978463,9.439432,7.683790,5.718660,4.712760,12.192248,8.813848,6.201392,4.957224,94.346667,-663.191996,-746.314697,10733.333333,3593.333333,2100.000000
4.707301,6.023811,8.225222,10.151743,5.092657,5.123413,5.205368,11.085338,9.638779,7.921678,5.772440,4.912563,12.478773,9.111945,6.434887,5.069211,95.160001,-662.541341,-748.917338,11060.000000,3780.000000,2193.333333
4.688128,6.005382,8.216703,10.208077,5.030512,5.044251,5.124969,10.972463,9.697466,8.015046,5.808308,4.960105,12.665148,9.314051,6.605867,5.152359,94.183998,-661.728007,-748.266683,11760.000000,3826.666667,2286.666667
4.693923,6.018985,8.214900,10.243706,5.027176,5.033522,5.116651,10.879622,9.828182,8.115209,5.867811,4.959208,12.839322,9.442157,6.705094,5.223914,95.648000,-662.053345,-746.314677,12226.666667,3920.000000,2333.333333
4.719641,6.097632,8.545410,10.835678,5.097815,5.059561,5.141764,10.967835,10.000525,8.254107,5.930825,4.974171,12.945742,9.618782,6.743087,5.260349,96.136002,-662.866679,-749.893351,12600.000000,4013.333333,2333.333333
4.722663,6.128420,8.647185,11.078434,5.125484,5.051341,5.125155,11.020737,10.141681,8.357177,5.990952,4.973057,13.061139,9.822426,6.816554,5.286883,96.461334,-663.842672,-746.965352,13253.333333,4106.666667,2566.666667
4.751593,6.108120,8.716075,11.357743,5.164398,5.164781,5.240511,11.332403,10.066247,8.288865,5.933728,4.944653,13.022420,9.742573,6.797453,5.220964,96.949336,-664.330689,-746.639994,13906.666667,4246.666667,2706.666667
4.709290,6.127533,8.795805,11.441342,5.244419,5.166995,5.240007,11.498748,10.211803,8.402022,5.953430,4.945567,13.318213,9.868880,6.891634,5.218202,96.624003,-664.981364,-749.730672,14886.666667,4620.000000,2893.333333
4.682481,6.122618,8.758678,11.408907,5.260473,5.199175,5.265025,11.666017,10.262913,8.488689,5.959363,5.018670,13.592965,10.075262,7.025074,5.322949,96.298668,-665.794678,-748.592000,15680.000000,5086.666667,2986.666667
4.715966,6.160198,8.794382,11.499771,5.272141,5.251689,5.320625,11.695186,10.306801,8.544119,6.000979,5.058297,13.719326,10.213944,7.124310,5.394081,95.973333,-664.656006,-746.314677,16473.333333,5460.000000,3033.333333
4.756052,6.189141,8.817427,11.527959,5.262943,5.193768,5.254311,11.720337,10.464690,8.688176,6.096518,5.074377,14.129183,10.525751,7.286181,5.499370,96.786670,-663.517354,-747.453349,17500.000000,6113.333333,3220.000000
4.761878,6.180883,8.867564,11.615004,5.299647,5.175101,5.235373,11.712533,10.635843,8.787627,6.161874,5.099846,14.438889,10.747018,7.368712,5.510760,95.973333,-661.728027,-748.429341,18153.333333,6626.666667,3126.666667
4.762792,6.128426,8.858276,11.679606,5.302358,5.192818,5.249063,11.760343,10.802810,8.937288,6.338679,5.179875,14.742242,11.063688,7.564205,5.614284,95.973335,-663.029338,-749.405335,19320.000000,7140.000000,3080.000000
4.788542,6.150246,8.868461,11.730999,5.332663,5.177408,5.231693,11.831251,10.905510,9.003466,6.374976,5.241688,14.922643,11.217485,7.673208,5.657792,94.834669,-662.216024,-749.079997,20393.333333,7700.000000,3266.666667
4.732932,6.213531,8.840664,12.024099,5.483064,5.346432,5.393155,12.057664,11.109736,8.949509,6.271981,5.130874,15.216162,11.299540,7.711503,5.601712,97.112000,-661.402669,-752.333333,21140.000000,7886.666667,3080.000000
4.714327,6.270276,8.886517,12.222658,5.729646,6.101607,6.151135,12.431726,11.361614,9.018660,6.264303,5.041770,15.579112,11.472696,7.846140,5.606311,97.925334,-658.474670,-750.706665,21886.666667,8213.333333,2940.000000
4.723070,6.300608,8.809771,12.384109,5.780404,6.491880,6.547842,12.740726,11.366995,9.044849,6.297268,5.029299,15.633320,11.554465,7.970214,5.689227,97.762667,-657.986674,-749.893351,22586.666667,8400.000000,2940.000000
4.785825,6.345500,8.788633,12.514873,5.757242,6.464029,6.523556,12.797633,11.309563,9.004629,6.269909,5.021530,15.554356,11.459511,7.905396,5.663465,97.274668,-657.824015,-751.845337,23333.333333,8446.666667,2846.666667
4.927786,6.334806,8.988717,12.587938,5.882699,6.461754,6.515764,13.118732,11.351260,9.075688,6.272006,5.035639,15.768061,11.586712,7.935059,5.706449,99.877332,-658.800008,-751.845337,23940.000000,8540.000000,2846.666667
4.896651,6.280054,9.178257,12.682957,5.992465,6.549804,6.601920,13.200581,11.475133,9.120482,6.260526,4.933868,16.027074,11.718572,7.937321,5.698062,99.064000,-658.474671,-750.869344,24453.333333,8540.000000,2800.000000
4.869479,6.310266,9.383731,12.900172,6.031828,6.571273,6.623581,13.306175,11.613486,9.224032,6.364554,4.909374,16.152484,11.829292,7.956152,5.720055,98.250669,-657.986674,-749.893351,24920.000000,8306.666667,2893.333333
4.949261,6.629189,9.677905,13.277422,6.245273,6.827820,6.895865,13.470494,11.834236,9.551129,6.675645,5.048195,16.378957,12.143086,8.135605,5.925494,98.738668,-656.522685,-747.616007,25200.000000,8306.666667,3080.000000
4.933354,6.799443,9.705534,13.345511,6.421157,7.059066,7.139362,13.516932,11.884965,9.630377,6.744715,5.044284,16.536063,12.316276,8.211060,5.984328,97.437335,-656.685343,-747.941345,25666.666667,8493.333333,3220.000000
4.877482,6.864122,9.751492,13.396183,6.435941,7.130972,7.211504,13.598309,11.903213,9.651617,6.741853,5.047282,16.571649,12.357018,8.234746,6.014632,97.762667,-657.335998,-748.754679,25853.333333,8960.000000,3500.000000
4.862793,6.943679,9.753496,13.466583,6.514161,7.263909,7.349432,13.766089,11.892507,9.678373,6.723123,5.009550,16.687550,12.403580,8.299487,6.027437,98.738668,-658.637349,-751.357341,26226.666667,9286.666667,3733.333333
4.906678,7.005577,9.755563,13.621391,6.590922,7.436002,7.509136,13.917997,12.131136,9.866872,6.805292,5.024162,17.096919,12.611738,8.523015,6.118385,98.250669,-659.938660,-751.032003,27020.000000,9800.000000,4200.000000
4.980065,7.085034,9.972399,14.100500,6.707921,7.546223,7.612754,14.116581,12.398593,10.014258,7.022370,5.049453,17.341917,12.872542,8.671035,6.175963,100.365334,-661.077332,-753.960002,27673.333333,10173.333333,4433.333333
4.944683,7.247971,9.918909,14.401176,6.801873,7.659940,7.714982,14.228033,12.520255,10.106095,7.218576,5.167560,17.640891,13.226506,8.806490,6.285788,100.040003,-660.751994,-754.448018,28186.666667,10500.000000,4900.000000
4.881247,7.393570,9.917915,14.744598,6.887636,7.663528,7.715035,14.431149,12.605537,10.086536,7.278893,5.176874,17.823111,13.384439,8.820539,6.310947,98.901334,-659.288005,-756.400024,28746.666667,10640.000000,5226.666667
4.764235,7.337017,9.910377,14.703997,6.941601,7.639529,7.697002,14.411442,12.559008,10.079714,7.253805,5.150260,17.849193,13.474473,8.800834,6.377584,99.877332,-660.752014,-755.586690,29773.333333,10733.333333,5693.333333
4.721853,7.346421,9.902380,14.667245,7.017230,7.762748,7.811173,14.340812,12.497152,10.073267,7.294485,5.170538,17.891815,13.565700,8.872494,6.476770,98.250669,-660.263997,-753.309347,31173.333333,11386.666667,6066.666667
4.743213,7.449804,9.974663,14.778724,7.226773,8.102181,8.142908,14.407773,12.499430,10.075712,7.454852,5.192196,17.835299,13.560599,8.845468,6.525526,97.112000,-663.354675,-753.634664,32433.333333,12040.000000,6533.333333
4.831211,7.741189,10.207634,15.068118,7.579347,8.611730,8.651476,14.725840,12.741801,10.283845,7.775310,5.289608,17.823633,13.504419,8.875231,6.640016,94.834669,-664.330668,-750.544006,33320.000000,12646.666667,6673.333333
4.804497,7.921756,10.180932,15.121765,7.869270,9.201105,9.217222,14.746508,12.723128,10.344501,7.966036,5.489158,17.605958,13.362627,8.809732,6.728956,95.322668,-664.493327,-749.405335,33926.666667,13113.333333,6766.666667
4.824450,8.047113,10.272211,15.527349,7.986075,9.336196,9.346340,14.916626,12.902786,10.553126,8.101165,5.633623,17.735984,13.415460,8.931026,6.881492,97.762670,-667.258667,-748.429362,34673.333333,13206.666667,7000.000000
4.855627,8.182151,10.355359,15.805442,8.018893,9.382494,9.395718,14.874546,13.200336,10.814717,8.277347,5.713330,17.934049,13.572341,9.107930,7.025519,96.461332,-670.512024,-747.616007,35420.000000,13486.666667,7140.000000
4.998369,8.368752,10.381297,15.881832,8.026131,9.381455,9.395871,14.788169,13.390401,11.014582,8.568825,5.804396,18.068856,13.741746,9.273923,7.118639,98.250666,-669.536011,-748.104004,35513.333333,13720.000000,7046.666667
5.057928,8.440257,10.470611,15.944570,8.019321,9.372536,9.388628,14.747164,13.562804,11.164856,8.724949,5.787618,18.125347,13.769996,9.294087,7.142877,96.786669,-668.722677,-747.941345,35233.333333,13673.333333,6860.000000
5.056100,8.447299,10.584045,16.081548,8.054362,9.393479,9.412700,14.968722,13.651519,11.235857,8.791963,5.759851,18.179127,13.758195,9.279498,7.148956,96.949333,-669.210673,-746.639994,35186.666667,13533.333333,6720.000000
5.053181,8.439765,10.753045,16.199608,8.055420,9.346195,9.361864,15.270719,13.765505,11.360976,8.832867,5.784059,18.278871,13.819309,9.291166,7.188043,97.274666,-670.186686,-746.965352,35233.333333,13393.333333,6813.333333
5.001388,8.388441,10.820216,16.362309,8.077271,9.323563,9.338722,15.903304,14.066132,11.566160,8.876996,5.815452,18.370657,13.782067,9.291870,7.179885,96.949336,-669.048014,-744.362671,34953.333333,13580.000000,6626.666667
4.951193,8.496236,11.142125,16.810808,8.119752,9.319468,9.336540,16.090640,14.337765,11.612445,8.850522,5.825055,18.355506,13.717377,9.276996,7.194894,98.738665,-668.397339,-744.362691,34813.333333,13626.666667,6673.333333
4.963122,8.579374,11.053477,16.475066,8.143587,9.115788,9.128353,15.701006,14.454606,11.673479,8.844575,5.808727,18.533881,13.833723,9.292755,7.110110,99.226669,-668.072001,-745.663981,34860.000000,13673.333333,6720.000000
4.857554,8.550056,11.003316,16.394456,8.101280,8.865358,8.872572,15.719077,14.641076,11.753852,8.896029,5.778275,18.668639,13.938228,9.453131,7.122857,101.016001,-668.397359,-744.850688,34533.333333,14000.000000,6440.000000
4.901105,8.633220,11.001863,16.412100,8.301623,9.042112,9.045262,16.021266,14.573828,11.749946,8.892102,5.775109,18.706677,13.929115,9.574288,7.134771,100.853333,-667.096008,-741.109355,34906.666667,14326.666667,6533.333333
4.958951,8.772556,11.131112,16.637779,8.701212,9.258043,9.273282,16.456366,14.619683,11.809856,8.925507,5.809549,18.879456,14.029668,9.701426,7.149779,100.690669,-667.258667,-740.133341,35000.000000,14746.666667,6486.666667
5.059071,9.033323,11.528701,16.980572,9.068999,9.351777,9.367533,16.529701,14.885216,12.121732,9.090843,5.999951,19.063712,14.136936,9.852126,7.209526,100.202667,-664.493327,-738.018677,34626.666667,14840.000000,6486.666667
5.060681,9.227884,11.777755,17.088770,9.200512,9.368948,9.401739,16.159419,15.228335,12.454361,9.272931,6.087196,19.241035,14.187533,9.906525,7.188160,100.853335,-666.282695,-734.928019,34206.666667,14793.333333,6393.333333
5.034567,9.333247,11.862014,16.955874,9.312608,9.444623,9.480066,16.068438,15.419081,12.686096,9.336154,6.137328,19.589899,14.323311,10.113890,7.294600,100.690669,-664.818685,-733.789327,33366.666667,14560.000000,6393.333333
5.053348,9.415402,12.231368,17.242882,9.440015,9.519318,9.552785,16.535873,15.516491,12.709161,9.316315,6.152124,19.612641,14.346598,10.144117,7.346942,104.594668,-665.632019,-733.789347,32340.000000,14420.000000,6113.333333
5.085491,9.376858,12.275454,17.264112,9.445797,9.554795,9.591638,16.464559,15.369085,12.527112,9.362324,6.143678,19.508844,14.333241,10.248024,7.392834,103.944003,-666.933349,-731.674662,30706.666667,13860.000000,5646.666667
5.072457,9.378648,12.298577,17.713583,9.439771,9.570147,9.606192,16.591759,15.554453,12.461614,9.417635,6.018918,19.786992,14.375909,10.332708,7.363488,106.384000,-665.632019,-730.698669,29306.666667,13346.666667,5366.666667
5.090313,9.438648,12.340289,18.216930,9.480619,9.570320,9.610410,16.774360,15.709427,12.453350,9.465991,5.996276,19.774843,14.293750,10.237247,7.313774,108.010671,-665.794698,-729.397339,28140.000000,13020.000000,5226.666667
5.079715,9.430013,12.323872,18.348687,9.507524,9.578038,9.621391,16.785369,15.609524,12.378118,9.453364,5.990358,19.634872,14.200636,10.163869,7.283969,106.546672,-666.770671,-727.120015,26413.333333,12506.666667,4853.333333
5.127082,9.481812,12.385045,18.390355,9.622561,9.574689,9.615403,16.892661,15.547769,12.362645,9.558867,6.056523,19.631806,14.176920,10.164487,7.261291,106.221336,-671.162679,-727.282674,24500.000000,12086.666667,4526.666667
5.283331,9.700764,12.806896,18.710515,9.834327,9.548964,9.590517,17.051849,15.554767,12.451013,9.682097,6.122512,19.561631,14.093753,10.154855,7.206920,105.408000,-672.952006,-728.096008,21233.333333,10920.000000,4106.666667
5.261633,9.783024,12.797714,18.547184,9.910294,9.575571,9.620894,16.938985,15.662098,12.539412,9.756152,6.143919,19.635342,14.106942,10.257125,7.256555,103.781334,-673.440002,-727.445333,18806.666667,9566.666667,3826.666667
5.302963,9.970869,12.780111,18.774217,10.003584,10.007753,10.050377,17.653435,15.581353,12.472216,9.739764,6.131192,19.515356,14.034669,10.208893,7.233385,103.293338,-673.114665,-727.933350,16426.666667,7980.000000,3686.666667
5.428219,10.293205,13.136565,19.379971,10.195682,10.384922,10.429638,18.341124,15.729478,12.490332,9.792371,6.136360,19.338600,13.908101,10.113079,7.159401,102.317335,-672.138672,-725.493347,15213.333333,7046.666667,3640.000000
5.405816,10.318651,13.129655,19.374691,10.220024,10.374924,10.415915,18.392172,15.724492,12.483284,9.792467,6.131711,19.269906,13.893388,10.055081,7.123168,103.781337,-676.205322,-722.077352,14466.666667,6720.000000,3826.666667
5.423603,10.310176,13.129473,19.459256,10.205577,10.367728,10.411178,18.544469,15.580120,12.374914,9.758505,6.163260,18.829417,13.546582,9.973232,7.114470,101.829333,-675.229330,-720.613342,14746.666667,7000.000000,4060.000000
5.575365,10.414255,13.223529,19.736157,10.227677,10.360943,10.405859,18.844928,15.552521,12.299959,9.757555,6.165693,18.636774,13.321975,9.929480,7.047668,101.504003,-675.880005,-718.498678,14513.333333,7326.666667,4386.666667
5.681447,10.541182,13.357230,20.047858,10.280720,10.347377,10.392225,19.052369,15.558361,12.273744,9.664792,6.168655,18.418722,13.141257,9.816710,7.005824,99.064003,-676.530660,-715.408020,13720.000000,7373.333333,4526.666667
5.683044,10.578519,13.385400,20.117374,10.265750,10.350381,10.396785,19.084600,15.560203,12.271012,9.640167,6.121459,18.308437,13.050619,9.746977,6.975414,98.738668,-672.626689,-713.455994,12786.666667,7326.666667,4480.000000
5.742582,10.575087,13.405832,19.998519,10.215835,10.333161,10.379107,18.993267,15.497925,12.256056,9.605255,6.139068,18.259472,12.989417,9.700631,7.010535,96.949336,-677.669332,-713.293355,11853.333333,7233.333333,4386.666667
5.813148,10.494654,13.455409,19.894203,10.060737,9.888744,9.932277,18.614206,15.487298,12.256038,9.588641,6.181621,18.237623,12.984199,9.685377,7.110985,97.274666,-679.783997,-713.455994,10453.333333,7513.333333,4386.666667
5.863586,10.432929,13.539726,19.822741,10.044319,9.740767,9.779817,18.259397,15.603132,12.305050,9.592615,6.204588,18.153279,12.924645,9.565621,7.061941,95.973333,-679.621338,-712.805339,9660.000000,7700.000000,4386.666667
5.884257,10.426241,13.614820,19.708350,10.078690,9.854763,9.894183,18.242490,15.842534,12.539248,9.771510,6.303193,18.555546,13.316949,9.743568,7.121149,93.045334,-680.922668,-715.082662,9053.333333,7466.666667,4386.666667
5.792356,10.441264,13.571724,19.850388,9.984461,9.856449,9.893018,18.081011,15.997162,12.598117,9.819970,6.282051,18.725732,13.429350,9.831572,7.135097,95.973332,-684.501323,-711.016032,8446.666667,7606.666667,4386.666667
6.026446,10.696481,13.829633,20.285015,10.012072,9.877122,9.906586,18.119472,16.238809,12.836151,10.027147,6.382312,18.755968,13.547614,9.973720,7.213547,98.576002,-685.640015,-713.130656,7746.666667,7420.000000,4200.000000
6.259036,10.787450,13.883102,20.421711,10.102582,10.149322,10.171302,18.342993,16.161798,12.771017,10.003422,6.459281,18.654877,13.476826,9.955975,7.257755,96.136002,-685.151998,-712.154663,7513.333333,7326.666667,3826.666667
6.196406,10.622922,13.683897,20.177130,9.983649,10.003426,10.017029,18.218153,15.992756,12.529803,9.781997,6.352104,18.483321,13.216881,9.820887,7.102714,96.624003,-687.592000,-712.480001,7606.666667,6673.333333,3780.000000
6.284910,10.654664,13.800207,20.210959,9.953888,9.870875,9.871478,18.321655,16.041032,12.571210,9.730066,6.357450,18.362466,13.084859,9.769658,7.055306,97.112002,-688.730672,-710.039998,7700.000000,6626.666667,3593.333333
6.407207,10.788799,13.990832,20.321855,10.097035,9.834152,9.828636,18.584427,16.080844,12.590809,9.705554,6.348828,18.327956,13.075278,9.731223,7.049215,96.298668,-685.151998,-712.154684,7560.000000,6486.666667,3173.333333
6.527278,10.865089,14.265737,20.448334,10.062063,9.703581,9.696513,18.631934,16.384409,12.776989,9.749540,6.363442,18.483457,13.226487,9.725416,7.037944,97.274668,-685.639994,-712.154663,7420.000000,6160.000000,2800.000000
6.583755,10.885573,14.352441,20.363968,9.993971,9.567166,9.568104,18.519720,16.419942,12.803186,9.778372,6.362950,18.341781,13.226662,9.655967,6.968106,95.648000,-682.386678,-710.528015,7140.000000,5553.333333,2240.000000
6.545330,10.908363,14.290385,20.317374,9.917265,9.481379,9.486538,18.476974,16.640996,12.971044,9.833762,6.400271,18.728782,13.374497,9.857596,6.981628,95.648000,-680.760010,-716.546692,6393.333333,5180.000000,1960.000000
6.511422,10.864191,14.599306,20.628658,9.833696,9.381187,9.388671,18.526186,16.978993,13.118946,9.814609,6.301853,18.807518,13.230244,9.815035,6.847490,91.418665,-679.621338,-715.082662,5133.333333,4573.333333,1586.666667
6.515690,10.774238,14.670442,20.468088,9.830150,9.382275,9.388133,18.390670,17.024841,13.253049,9.760545,6.293016,18.850486,13.239965,9.835928,6.857454,94.834666,-682.874675,-714.269348,4246.666667,4106.666667,1120.000000
6.514505,10.782584,14.632576,20.538986,9.803667,9.427202,9.430369,18.422581,17.088782,13.255771,9.746134,6.272937,18.886248,13.188070,9.853857,6.840247,93.045331,-682.386678,-715.408020,3733.333333,4153.333333,746.666667
6.627932,10.873444,14.666814,20.658999,9.834784,9.308337,9.313034,18.500412,17.234044,13.379120,9.748506,6.307819,18.893483,13.137545,9.806985,6.767745,98.088000,-687.754659,-714.757324,3360.000000,3920.000000,653.333333
6.747652,10.938266,14.674675,20.725408,10.033745,9.017523,9.026344,18.718272,17.474896,13.594503,9.764070,6.335893,19.341616,13.374266,9.928862,6.711161,94.509333,-686.290670,-713.293355,3033.333333,4106.666667,-93.333333
6.918656,11.019709,14.824291,20.795489,10.228064,8.528185,8.532056,19.116215,17.598157,13.677573,9.739221,6.282613,19.597791,13.573522,9.991268,6.532170,95.322668,-686.941345,-711.666687,3126.666667,3733.333333,-560.000000
7.352846,11.153448,15.310483,20.882051,10.118908,7.868754,7.888364,19.212224,17.945494,13.999069,9.652067,6.272244,19.950844,13.771420,10.089453,6.613133,98.901334,-689.544006,-712.154663,2706.666667,3453.333333,-793.333333
7.617179,11.114079,15.378547,20.721900,10.001853,7.726863,7.758307,19.200244,18.078531,14.186513,9.559005,6.292073,20.202159,13.966495,10.022311,6.577117,100.039998,-691.008016,-712.967997,2520.000000,3313.333333,-1120.000000
7.617874,11.091944,15.482134,21.162823,10.044844,7.742759,7.778172,19.758432,18.106596,14.138110,9.435126,6.206109,20.243647,13.917240,10.016658,6.425571,100.690669,-687.592000,-713.455994,2520.000000,3080.000000,-1306.666667
7.647592,11.062157,15.576691,21.309999,10.225113,7.992274,8.022467,20.075119,18.153538,14.176082,9.282933,6.170708,20.290195,13.932001,10.093032,6.407823,101.341336,-685.477336,-716.384013,2986.666667,2986.666667,-1353.333333
7.705202,11.026698,15.509581,21.334492,10.333403,8.042418,8.069745,20.197351,17.997204,14.021383,9.123949,6.184431,20.251421,14.018046,10.259853,6.492881,102.642667,-682.386678,-717.685344,3406.666667,3080.000000,-1400.000000
7.696534,11.018361,15.413844,21.253724,10.372071,8.119291,8.148864,20.375441,17.980870,14.069525,9.055945,6.259237,20.315450,14.120730,10.284695,6.515892,105.082667,-679.946676,-718.498678,3920.000000,3126.666667,-1306.666667
7.817330,11.271109,15.629658,21.760764,10.431575,8.350671,8.382023,20.884332,18.206095,14.270806,9.248561,6.357337,20.352492,14.140310,10.318650,6.568164,104.269335,-678.645345,-717.034688,4246.666667,3266.666667,-1306.666667
8.003066,11.604502,15.938844,22.078349,10.452666,8.508008,8.538339,20.643107,18.442857,14.485163,9.518311,6.350272,20.285753,14.103861,10.295032,6.635074,104.269333,-676.530660,-715.733337,4153.333333,3406.666667,-1026.666667
8.173845,11.715604,15.957802,21.937572,10.411927,8.530573,8.558449,20.465341,18.351830,14.591665,9.677552,6.406207,20.141447,14.066877,10.276280,6.623883,104.269333,-677.018677,-716.058675,3873.333333,3173.333333,-793.333333
8.256218,11.661323,15.904042,21.901688,10.382629,8.609810,8.639938,20.405428,18.345383,14.649866,9.763377,6.434291,20.343104,14.426231,10.524410,6.887032,103.456001,-675.066671,-715.570679,3686.666667,2893.333333,-466.666667
8.362702,11.662585,15.924998,21.805330,10.359006,8.644636,8.671911,20.251403,18.374891,14.711727,9.742418,6.409956,20.472667,14.602477,10.497197,6.947276,102.968002,-677.343994,-714.594665,3126.666667,2473.333333,-93.333333
8.442863,11.709598,16.116319,21.800458,10.105106,8.535841,8.572766,20.029120,18.519998,14.898331,9.868636,6.417487,20.331525,14.557996,10.494906,7.028297,102.154668,-679.783997,-714.757345,2146.666667,2006.666667,326.666667
8.556068,11.690362,16.102369,21.616071,9.751779,8.326687,8.349281,19.805698,18.442649,14.878408,9.956904,6.491974,20.314019,14.497685,10.484053,7.063553,101.504000,-681.085348,-712.480021,1586.666667,1353.333333,560.000000
8.546954,11.563678,15.928160,21.453255,9.411810,8.245991,8.262312,19.881230,18.367610,14.783028,9.961269,6.439409,20.183314,14.431381,10.399228,7.102198,99.714668,-684.501343,-716.058675,1260.000000,886.666667,886.666667
8.567347,11.525327,15.872405,21.436517,9.253744,8.216869,8.212128,20.153100,18.222850,14.702750,9.950212,6.501146,20.196092,14.672661,10.537872,7.436281,100.365336,-686.453349,-715.408000,1540.000000,793.333333,1400.000000
8.566601,11.514664,15.806283,21.469626,9.118253,8.171202,8.159131,20.343944,18.056458,14.499614,9.878256,6.435208,19.806945,14.512819,10.308077,7.378052,101.016001,-685.314677,-716.546672,2006.666667,980.000000,1726.666667
8.571561,11.612690,15.683226,21.446305,9.120240,8.307439,8.306563,20.636026,18.008459,14.503006,9.938150,6.434636,19.677210,14.440911,10.264950,7.344443,98.575999,-687.104004,-714.269348,2566.666667,1353.333333,2053.333333
8.615902,11.736062,15.767722,21.573086,9.140366,8.264073,8.257828,20.745758,18.224588,14.677707,10.021271,6.474453,19.785944,14.476360,10.292421,7.312015,99.552000,-686.290690,-713.781352,3126.666667,1446.666667,2240.000000
8.698383,11.742035,15.880171,21.364353,9.247883,8.468030,8.464904,20.960049,18.092394,14.684721,10.010641,6.466429,19.593341,14.460624,10.447566,7.447527,97.925334,-683.525350,-716.709351,3546.666667,1773.333333,2380.000000
8.891614,11.861020,16.148827,21.140243,9.354127,8.820372,8.798889,21.386535,18.015108,14.707414,9.980504,6.430927,19.487807,14.435948,10.495700,7.510329,99.877334,-685.640015,-713.293315,4153.333333,2006.666667,2473.333333
9.014847,12.075492,16.498733,21.268341,9.415297,8.990702,8.957288,21.826318,18.226618,14.840313,10.015231,6.423455,19.615381,14.488498,10.508007,7.501776,102.154668,-681.085348,-712.968018,4666.666667,1960.000000,2380.000000
8.962517,12.028137,16.349669,20.943631,9.298391,9.059610,9.022743,21.701530,18.416824,14.980187,9.933056,6.353391,19.934748,14.625461,10.589311,7.508799,102.154668,-683.525350,-710.690674,4900.000000,2053.333333,2286.666667
8.880572,11.869321,16.041798,20.594626,9.023937,9.088832,9.048336,21.524058,18.383016,14.944481,9.769242,6.253546,19.920095,14.580939,10.569746,7.528377,99.389336,-683.688009,-709.552002,4900.000000,1633.333333,2193.333333
8.891642,11.919515,16.207034,20.846724,9.074508,9.044135,8.994526,21.890316,18.413188,14.925512,9.792987,6.249320,19.879990,14.588634,10.463748,7.465839,103.455999,-686.128031,-710.040019,4713.333333,1120.000000,2100.000000
8.994192,12.104458,16.741047,21.186653,9.138454,8.727534,8.668526,22.363682,18.575166,15.051188,9.967368,6.341775,19.890844,14.587124,10.473611,7.496517,102.317335,-681.898682,-709.226664,4153.333333,840.000000,1726.666667
8.952091,11.863029,16.633160,20.808905,8.909352,8.251058,8.184649,21.871304,18.490918,14.975210,9.889841,6.284924,20.005646,14.671843,10.513194,7.572061,99.714668,-680.597331,-707.925354,3733.333333,-233.333333,1493.333333
9.086126,11.864592,16.694310,20.756949,8.926205,8.239119,8.173319,21.920251,18.642378,15.108449,9.943010,6.311267,20.299086,14.897525,10.730661,7.741879,98.413332,-684.013326,-707.112020,2940.000000,-1260.000000,1353.333333
9.123233,11.866366,16.711012,20.730477,8.962320,8.241174,8.175645,21.864946,18.709559,15.180205,9.962586,6.277367,20.461924,15.073352,10.820282,7.832173,100.853335,-686.941325,-708.250671,2333.333333,-2053.333333,1260.000000
9.096772,11.896237,16.785355,20.936952,8.907409,8.240088,8.175015,21.716934,18.765614,15.223509,9.959451,6.249029,20.457544,15.046548,10.730673,7.893847,100.040001,-690.357340,-710.690674,1820.000000,-2240.000000,1026.666667
9.083064,11.911487,16.787860,20.978338,8.861627,8.242143,8.177786,21.623921,18.737834,15.270543,10.071608,6.252025,20.462317,15.006830,10.773987,7.941850,101.341337,-688.893351,-717.522664,2566.666667,-2100.000000,980.000000
9.129142,11.966858,16.867129,20.955586,8.906286,8.240245,8.173641,21.568792,18.936782,15.531616,10.419999,6.368203,21.021471,15.410802,11.110158,8.129468,100.202667,-690.845337,-715.733337,3033.333333,-1960.000000,840.000000
9.147011,11.990553,16.976215,20.995409,8.867072,8.149216,8.086188,21.541422,19.495839,16.029322,10.823803,6.501481,21.968106,16.056744,11.476424,8.275086,100.528003,-688.242676,-717.034668,3406.666667,-2193.333333,933.333333
9.163489,12.079927,17.033850,21.150183,8.889918,8.216409,8.153470,21.671847,19.634846,16.141309,10.953960,6.522067,21.928523,16.069636,11.427327,8.193134,101.178668,-685.802673,-715.896017,4246.666667,-2146.666667,1166.666667
9.248161,12.186083,17.180097,21.373177,8.945545,8.279116,8.210346,21.976800,19.807905,16.312934,11.137114,6.566889,22.382492,16.372121,11.781300,8.441887,101.016002,-686.616008,-712.480001,4526.666667,-2473.333333,1446.666667
9.271732,12.178835,17.202225,21.335919,8.912254,8.195103,8.119736,22.014994,20.028002,16.498279,11.268774,6.629673,22.759801,16.571159,12.077879,8.712622,99.389336,-688.730672,-710.690674,4480.000000,-2660.000000,1913.333333
9.286847,12.182323,17.288550,21.280363,8.918632,8.197828,8.130788,22.220546,20.339917,16.770247,11.384028,6.724531,22.993707,16.747198,12.211490,8.800828,100.690666,-685.314677,-712.480001,4106.666667,-2846.666667,2100.000000
9.135992,12.052543,17.109524,20.980033,8.819951,8.208124,8.137700,22.428437,20.243926,16.666389,11.214459,6.658073,22.977811,16.714889,12.207885,8.846743,97.925334,-683.525330,-710.853353,3453.333333,-3406.666667,2146.666667
9.036608,12.076657,17.093029,20.901669,8.767274,8.052069,7.995481,22.411578,20.270186,16.685116,11.224698,6.586737,23.102377,16.777920,12.289432,8.877145,95.810669,-682.711995,-707.762675,2566.666667,-4013.333333,2100.000000
9.060744,12.118370,17.166682,20.978441,8.855527,8.057521,8.009488,22.621909,20.339436,16.686975,11.272676,6.588506,23.350183,16.889192,12.326782,8.920061,94.671999,-684.826681,-709.064006,2146.666667,-4386.666667,2146.666667
9.021252,12.112998,17.221933,21.082473,8.961347,8.023221,7.978741,22.797523,20.436721,16.712936,11.312189,6.573569,23.495936,16.957615,12.333591,8.959718,96.461334,-686.941345,-709.877340,1680.000000,-4480.000000,2006.666667
9.018141,12.314454,17.510542,21.319482,8.943286,8.060800,8.016976,23.136382,20.697197,16.945764,11.455840,6.572894,23.672838,17.088132,12.398954,8.967016,95.973335,-685.640014,-711.016012,1306.666667,-4386.666667,1773.333333
8.938896,12.304971,17.429900,21.317242,8.882509,8.005683,7.957179,23.088662,20.578550,16.838294,11.462935,6.554637,23.834121,17.234233,12.568766,9.045414,97.762667,-687.429342,-711.666667,980.000000,-4480.000000,1633.333333
8.879354,12.276133,17.376964,21.383778,8.898919,7.997576,7.947946,23.038820,20.542799,16.780485,11.463453,6.507023,24.047478,17.379499,12.625130,9.025614,99.877335,-687.754679,-713.781351,886.666667,-4293.333333,1400.000000
8.877840,12.246355,17.291235,21.286916,9.068531,8.037175,7.988250,23.102681,20.265864,16.619988,11.373890,6.424569,23.663737,17.183045,12.424442,8.944660,99.389333,-684.338664,-715.082683,793.333333,-3920.000000,1306.666667
8.878075,12.148485,17.067813,20.843683,9.097529,8.030644,7.982763,23.200857,19.891932,16.461449,11.300381,6.446246,23.445428,17.093196,12.384907,8.933117,100.040001,-684.501342,-715.082682,280.000000,-3780.000000,1353.333333
8.840301,12.080459,16.977506,20.830481,9.003005,8.033615,7.991273,23.225983,19.951522,16.474980,11.353501,6.463094,23.540139,17.134313,12.454405,8.929426,100.853335,-686.941345,-715.895996,140.000000,-3733.333333,1400.000000
8.859367,12.084664,16.979461,20.782889,8.997835,7.990607,7.948264,23.223587,19.919429,16.494904,11.420562,6.573730,23.543663,17.159332,12.484336,8.975837,99.714666,-685.965352,-713.293314,-46.666667,-3640.000000,1446.666667
8.788320,11.971057,16.928433,20.748838,8.936987,8.007953,7.965270,23.332942,19.790582,16.366696,11.381624,6.529786,23.438016,17.127646,12.458908,9.017773,99.877334,-685.477315,-716.058675,-233.333333,-3126.666667,1633.333333
8.685720,11.902396,16.964389,20.800037,8.746559,8.108294,8.066099,23.332352,19.543454,16.184771,11.294478,6.460013,23.052667,16.939340,12.379826,9.049876,98.576002,-689.869344,-714.106669,-560.000000,-3033.333333,1633.333333
8.544945,11.683710,16.717248,20.574633,8.442189,8.232017,8.192213,22.724453,19.255428,15.986034,11.161880,6.397429,22.814628,16.819449,12.294912,9.087136,96.461334,-691.658691,-712.154684,-560.000000,-2753.333333,1680.000000
8.202264,11.416060,16.295740,20.406001,8.226191,8.197534,8.155985,22.442698,19.041584,15.753812,11.178474,6.261800,22.541766,16.653222,12.193711,8.886270,96.624003,-691.658691,-710.365336,-420.000000,-2660.000000,1726.666667
7.941782,11.375724,16.188009,20.334345,8.256791,8.239118,8.196557,22.371771,18.855044,15.483162,11.154490,6.135222,22.223252,16.426621,12.129863,8.766917,96.298670,-693.285339,-707.925334,-793.333333,-2426.666667,1633.333333
7.937743,11.326283,16.083661,19.805202,8.192347,8.166411,8.117016,21.955514,18.608747,15.329271,11.071004,6.099989,21.987317,16.355197,12.017079,8.728344,95.973335,-691.170675,-706.786682,-933.333333,-2286.666667,1540.000000
7.815039,11.198527,15.933356,19.587131,8.031058,7.957299,7.910741,21.679679,18.395248,15.142311,10.949460,6.030681,21.837930,16.245805,11.846205,8.668304,91.093335,-687.592021,-698.653361,-1586.666667,-2380.000000,1353.333333
7.860596,11.323188,16.073980,19.757984,8.004114,7.966363,7.928989,21.577338,18.692661,15.427673,11.146117,6.197136,22.048385,16.398364,11.865843,8.726306,92.232000,-682.712016,-693.122660,-2986.666667,-3173.333333,1026.666667
7.970242,11.415052,16.120881,19.825678,8.016916,8.119453,8.083304,21.465879,18.581199,15.371212,11.240390,6.201565,21.903949,16.316341,11.881274,8.781627,91.581334,-681.410685,-690.357361,-4200.000000,-3920.000000,840.000000
7.958272,11.158483,15.806391,19.368741,8.021214,7.997547,7.954172,21.068119,18.285610,15.073816,11.043368,6.094495,21.830946,16.238371,11.829148,8.719600,91.255999,-678.645345,-689.706685,-6160.000000,-4713.333333,466.666667
7.825056,10.831355,15.527953,19.113233,8.015166,8.010764,7.970862,21.140751,17.973482,14.753999,10.796238,6.132968,21.819733,16.295640,11.818856,8.644156,93.045334,-677.994670,-692.797343,-8213.333333,-5740.000000,0.000000
7.712749,10.655445,15.357615,18.936243,8.067684,7.986300,7.946955,21.142345,17.916478,14.672051,10.729676,6.180245,21.933650,16.391556,11.856684,8.673680,90.930667,-680.597351,-697.840007,-10080.000000,-6206.666667,-233.333333
7.603771,10.600383,15.323709,18.821671,8.051453,7.952715,7.907327,21.256558,17.982365,14.714993,10.740746,6.206633,22.132583,16.351015,11.784103,8.566062,92.557335,-684.989339,-700.117350,-11946.666667,-6766.666667,-466.666667
7.466923,10.521371,15.209166,18.692879,8.073230,7.946182,7.900287,21.337045,17.746557,14.502458,10.643262,6.195791,21.781892,16.031525,11.629412,8.486274,92.069333,-685.802673,-700.930684,-13486.666667,-7140.000000,-653.333333
7.332848,10.371667,15.054804,18.635004,8.072076,7.913107,7.860058,21.339919,17.671098,14.353921,10.495997,6.174601,21.944138,16.125197,11.564556,8.421240,92.069334,-691.821350,-704.184001,-14560.000000,-7793.333333,-980.000000
7.288382,10.535273,15.447218,19.012236,8.135818,8.057795,7.990509,21.730121,17.906499,14.562919,10.530228,6.144837,21.876999,16.137386,11.479933,8.379548,92.069336,-689.706685,-704.184001,-16146.666667,-8586.666667,-1446.666667
7.473621,10.750018,15.764185,19.136335,8.170639,8.106355,8.039058,21.691721,18.154028,14.879615,10.654606,6.244515,22.055956,16.339859,11.601137,8.334318,89.792002,-690.357361,-705.810669,-16800.000000,-9240.000000,-1820.000000
7.775263,10.930148,16.025962,19.301935,8.253109,8.080199,8.023712,22.002271,18.156046,14.892037,10.606813,6.229746,21.824293,16.070570,11.373052,8.044364,91.906670,-698.165344,-702.720032,-17686.666667,-10313.333333,-2286.666667
8.146933,11.376985,16.652010,20.051043,8.688149,8.601315,8.573495,23.102619,18.357692,15.152910,10.872834,6.311704,21.907914,16.094876,11.405856,8.016875,92.232000,-696.538676,-698.653341,-18293.333333,-10920.000000,-2706.666667
8.312639,11.918791,17.246468,20.722184,8.930112,8.817784,8.792871,23.100480,18.777343,15.651467,11.422762,6.509344,21.964144,16.215051,11.495253,8.081137,91.581334,-695.888001,-701.093343,-18993.333333,-11480.000000,-3360.000000
8.438055,12.287131,17.684226,21.169708,8.977869,8.886942,8.864482,23.026799,19.036165,15.940573,11.727869,6.524631,21.823861,16.161825,11.456514,8.091393,94.021334,-695.074666,-699.792012,-19646.666667,-12040.000000,-4013.333333
8.703849,12.661278,18.202697,21.543148,8.929039,8.691406,8.664871,22.735719,19.413386,16.472171,12.083243,6.745245,21.690089,16.094039,11.443651,8.055690,92.232002,-693.610677,-686.128031,-20346.666667,-12646.666667,-4666.666667
8.558322,12.559795,18.027841,21.327020,8.854769,8.418750,8.402551,22.197355,19.414039,16.565427,12.159629,6.831402,21.757600,16.216510,11.596745,8.101133,95.810669,-698.002665,-690.845337,-22540.000000,-14233.333333,-5646.666667
8.467567,12.366955,17.758819,21.170195,8.852720,8.221042,8.215406,21.827998,19.235766,16.523894,12.143407,6.867021,21.703319,16.320069,11.648407,8.185321,105.733337,-693.122701,-728.583984,-23473.333333,-14746.666667,-6160.000000
8.495969,12.333362,17.685431,21.425300,8.910258,8.130874,8.130604,22.303546,18.921283,16.308676,12.101887,6.929437,21.290160,16.179703,11.569756,8.281306,103.944000,-687.104004,-731.024007,-22680.000000,-14233.333333,-6393.333333
8.670954,12.391512,17.700488,21.633742,8.915889,8.194699,8.202914,22.574935,19.035704,16.353680,12.157836,6.998110,21.518711,16.381870,11.628583,8.297773,97.762668,-681.573344,-718.335999,-22213.333333,-14046.666667,-6393.333333
8.978930,12.492367,17.780544,21.830908,9.036865,8.834417,8.894426,22.901393,19.039673,16.385035,12.180113,7.010015,21.448402,16.347648,11.615511,8.331654,114.029338,-716.709351,-754.610677,-22213.333333,-14326.666667,-6486.666667
9.024689,12.255048,17.454707,21.601152,9.012606,9.549791,9.647933,22.173327,19.000656,16.371495,12.199099,7.017212,21.490968,16.461088,11.876584,8.446415,95.322667,-679.621358,-711.504029,-17126.666667,-10873.333333,-5366.666667
9.057288,12.236397,17.367236,21.586487,9.116030,9.891852,10.001241,22.029837,18.993500,16.404452,12.258102,7.040874,21.435227,16.456919,12.001384,8.425105,104.432002,-662.053345,-751.032003,-18060.000000,-11993.333333,-5973.333333
8.956330,12.276583,17.478718,21.890251,9.096747,9.940062,10.049479,22.315375,19.062624,16.406458,12.269163,7.029555,21.205028,16.228473,11.842235,8.339946,94.834669,-665.794657,-718.661357,-19506.666667,-11900.000000,-5646.666667
8.949330,12.357810,17.568829,22.077988,9.146137,10.039015,10.157840,22.462768,19.161490,16.449181,12.290979,7.031036,21.178261,16.145743,11.771229,8.307883,97.925336,-671.650675,-720.776001,-21466.666667,-11573.333333,-5786.666667
8.968387,12.284557,17.380011,21.709352,9.205409,10.111911,10.237368,22.439584,19.027271,16.384489,12.273523,7.074355,21.075921,16.102237,11.777149,8.350253,96.949333,-666.445313,-721.264018,-21513.333333,-11713.333333,-5833.333333
9.000428,12.196268,17.268577,21.448749,9.227473,10.121702,10.246390,22.405691,18.965508,16.314486,12.247307,7.063855,21.105882,16.108985,11.780479,8.379509,98.250669,-679.621338,-723.378682,-22073.333333,-11666.666667,-6253.333333
8.979380,12.150527,17.224346,21.386003,9.230828,10.121122,10.245588,22.430689,18.762244,16.122146,12.077761,6.967274,20.697046,15.804166,11.542159,8.227427,95.973335,-693.285339,-715.245321,-21980.000000,-11620.000000,-6300.000000
9.005893,12.130564,17.113736,21.382806,9.267901,10.176799,10.299097,22.602047,18.231234,15.750999,11.894078,6.901895,19.756802,15.298291,11.364566,8.285340,94.184001,-695.074687,-713.455994,-20766.666667,-11526.666667,-6486.666667
9.006004,12.044671,16.979336,21.204382,9.226287,10.114314,10.237943,22.479613,17.917739,15.598575,11.841715,6.902657,19.479599,15.181131,11.393648,8.371175,90.442668,-702.069336,-705.810689,-20113.333333,-12040.000000,-6486.666667
8.973606,11.973433,16.824529,20.985869,9.196984,10.155183,10.290422,22.387470,17.720312,15.461815,11.761885,6.840392,19.025342,14.889630,11.148454,8.139977,85.237335,-696.050680,-702.069336,-18853.333333,-11806.666667,-6300.000000
9.186213,12.341819,17.272301,21.724069,9.471586,10.445839,10.575886,23.070840,17.479720,15.259572,11.751227,6.858916,18.207096,14.443533,10.768704,7.843470,85.237333,-681.573364,-708.576009,-18340.000000,-12180.000000,-6720.000000
9.223739,12.454703,17.327145,21.843820,9.494266,10.547936,10.668755,23.024229,17.141802,15.032272,11.705575,6.873684,17.648303,14.130418,10.581607,7.808466,84.098667,-683.362671,-711.341329,-19786.666667,-12880.000000,-7373.333333
9.201496,12.379012,17.209726,21.635607,9.564403,10.443258,10.572602,22.769813,17.049282,15.000212,11.669856,6.871481,17.731183,14.090781,10.533661,7.781445,92.720002,-719.474670,-721.589335,-19973.333333,-13253.333333,-7606.666667
9.213208,12.331701,17.155861,21.587878,9.630032,10.395078,10.520032,22.586347,17.031914,14.983591,11.660140,6.859144,17.715975,14.080390,10.493295,7.743760,117.933332,-863.597331,-746.314677,-12600.000000,-10826.666667,-6813.333333
9.218714,12.355945,17.167192,21.642116,9.549404,10.381002,10.500522,22.380002,17.091498,15.112675,11.709227,6.837042,17.582980,14.055755,10.484584,7.738814,87.352001,-707.762695,-767.461344,13580.000000,-420.000000,-4293.333333
9.244896,12.395077,17.139550,21.697402,9.424799,10.427584,10.548625,22.176951,17.134530,15.210389,11.784898,6.854095,17.514201,14.077236,10.562160,7.707521,37.576001,-433.669342,-737.042684,14606.666667,-1633.333333,-8166.666667
9.217789,12.188877,16.807136,21.431955,9.260790,10.436260,10.556482,21.520179,17.109741,15.242163,11.822181,6.909287,17.676714,14.243982,10.746368,7.885810,108.823998,-659.125346,-754.285339,-16333.333333,-14793.333333,-9333.333333
9.269945,12.165059,16.863447,21.495912,9.304406,10.416677,10.536645,21.748918,17.031099,15.226966,11.836181,6.934197,17.224272,13.944062,10.538127,7.822375,92.719999,-688.730672,-686.778686,-4900.000000,-1260.000000,-3733.333333
9.385517,12.357932,17.197245,21.837495,9.365636,10.435225,10.554377,22.150917,17.197348,15.416225,11.958093,6.986636,16.872771,13.757041,10.450767,7.823941,97.274669,-693.285340,-732.650675,-1820.000000,5086.666667,-5040.000000
9.367016,12.349670,17.183325,21.789153,9.214671,10.512537,10.630511,22.137205,17.257118,15.481616,12.014750,7.062142,16.904018,13.817486,10.534251,7.885572,95.322667,-656.685344,-741.109334,1960.000000,-2566.666667,-7886.666667
9.371259,12.404508,17.238719,21.874904,9.226220,10.575975,10.694730,22.124274,17.331727,15.431219,11.948710,7.035617,16.731891,13.683309,10.456144,7.907750,95.648000,-675.392008,-718.010681,-1446.666667,-6253.333333,-9146.666667
9.495279,12.589062,17.559781,22.177889,9.309406,10.642771,10.754281,22.273569,17.564255,15.546480,11.967463,7.014021,16.680684,13.590157,10.359806,7.847144,98.413333,-675.554667,-712.642659,-560.000000,-7746.666667,-8120.000000
9.605334,12.700774,17.720081,22.300614,9.353492,10.642406,10.755868,22.332307,17.698656,15.653880,12.000902,6.972605,16.718326,13.564732,10.364627,7.781914,108.498667,-671.000000,-746.314677,-700.000000,-6906.666667,-7093.333333
9.642359,12.746765,17.764701,22.274897,9.366070,10.672688,10.790710,22.237290,17.806804,15.771279,12.062417,7.025670,16.860397,13.638212,10.498253,7.865678,110.288002,-665.631999,-773.154663,-186.666667,-5600.000000,-6393.333333
9.635297,12.731565,17.741181,22.242703,9.314884,10.602471,10.722838,22.046839,17.919082,15.805254,12.064223,7.034109,16.953342,13.680878,10.477510,7.868088,108.336001,-648.389343,-780.311991,3220.000000,-4806.666667,-4946.666667
9.607883,12.782898,17.880240,22.337607,9.246666,10.491392,10.613588,22.035077,18.173403,15.929505,12.082586,7.014076,17.097968,13.765286,10.465845,7.817676,101.015999,-645.298666,-761.768005,5413.333333,-6393.333333,-3733.333333
9.572536,12.775956,17.873966,22.296852,9.235607,10.476516,10.599652,22.068664,18.186173,15.939316,12.059129,7.012560,17.114540,13.790434,10.462479,7.840756,98.088002,-672.464010,-753.309347,5786.666667,-7746.666667,-3546.666667
9.543801,12.777908,17.887444,22.307718,9.268400,10.465447,10.589871,22.325239,18.199586,15.946226,12.044731,6.990883,17.217018,13.894126,10.547436,7.939019,90.442668,-638.466675,-727.119995,7886.666667,-7140.000000,-3733.333333
9.562667,12.784763,17.887287,22.334709,9.233654,10.465457,10.589834,22.279548,18.262521,15.959735,12.059021,7.010607,17.347406,13.896302,10.508805,7.951562,99.064001,-627.080017,-748.917358,4526.666667,-8026.666667,-5226.666667
9.638704,12.855557,17.969957,22.361661,9.174538,10.461387,10.587529,22.275535,18.459893,16.151504,12.178348,7.052628,17.879910,14.185873,10.720819,8.059611,100.365333,-652.943990,-741.922668,560.000000,-7840.000000,-6253.333333
9.570528,12.765415,17.918540,22.220859,9.132279,10.467523,10.588269,22.336129,18.217069,15.960325,12.020258,6.884655,17.561819,13.923760,10.521229,7.885611,103.618668,-666.933350,-739.482686,-140.000000,-5926.666667,-6673.333333
9.470915,12.647570,17.845664,22.127133,9.094664,10.356493,10.464229,22.233283,18.190194,15.894264,11.905289,6.822122,17.621937,13.936929,10.536009,7.819450,105.733335,-671.162659,-737.693339,886.666667,-4760.000000,-6580.000000
9.405844,12.657446,17.807368,22.083868,9.042943,10.348666,10.441384,22.132008,18.194054,15.923319,11.918209,6.859420,17.691416,14.031005,10.585190,7.814975,108.010668,-671.162679,-749.567993,2100.000000,-4293.333333,-6253.333333
9.421976,12.622613,17.683544,21.888651,9.029984,10.226144,10.313457,21.930984,18.157274,15.968714,11.957515,6.849171,17.695670,14.018520,10.609014,7.809255,107.197332,-669.698669,-751.682658,3826.666667,-3593.333333,-5926.666667
9.417096,12.564643,17.631574,21.879076,8.996350,10.227886,10.316009,22.081094,18.132026,15.925943,11.897373,6.759016,17.751714,14.013591,10.668525,7.800567,100.040001,-666.770670,-743.874675,5740.000000,-2380.000000,-5086.666667
9.469368,12.575132,17.645694,22.005080,8.992839,10.220434,10.307986,22.076476,17.979138,15.761958,11.770491,6.688347,17.173888,13.680374,10.478538,7.681946,100.039999,-659.288025,-740.296000,6393.333333,-2566.666667,-4340.000000
9.547236,12.686615,17.766637,22.255948,8.962062,10.237816,10.323952,22.009652,18.337348,16.006382,11.894491,6.740722,17.570619,13.932503,10.644334,7.736730,99.877335,-659.776001,-738.669352,6393.333333,-3080.000000,-3733.333333
9.614222,12.712717,17.708630,22.232884,8.994473,10.273679,10.360781,21.904833,18.464863,16.116792,12.012143,6.776423,17.785018,14.094739,10.830165,7.823344,98.901337,-662.053345,-739.482666,6486.666667,-2706.666667,-3220.000000
9.555598,12.475574,17.204857,21.868104,8.974523,10.241440,10.344379,21.364930,18.209616,15.879966,11.899969,6.754999,17.735187,14.054535,10.882601,7.850803,101.504003,-663.354675,-748.917338,6860.000000,-2380.000000,-3080.000000
9.391053,12.226440,16.773550,21.617994,8.978431,10.262479,10.361125,21.264527,17.894357,15.508058,11.670160,6.551203,17.650205,13.880760,10.765050,7.815982,96.949336,-656.522685,-735.578675,7793.333333,-1306.666667,-2800.000000
9.127890,11.920892,16.375367,21.250653,8.863932,10.222316,10.311828,20.620387,17.751408,15.305440,11.522134,6.394249,17.630870,13.829460,10.770957,7.789470,99.877337,-664.330689,-734.114665,7140.000000,-1586.666667,-3080.000000
8.799647,11.402352,15.599255,20.410204,8.389837,9.699231,9.770674,19.084586,17.459183,15.003350,11.245687,6.327104,17.528293,13.809586,10.728938,7.769861,101.178668,-672.138672,-732.487997,6626.666667,-1493.333333,-3313.333333
8.608287,10.706975,14.767612,19.475820,8.154733,9.378688,9.443063,18.450859,16.961373,14.465964,10.655943,6.127348,17.580227,13.842368,10.692920,7.746275,100.365334,-662.216003,-721.426676,7560.000000,-233.333333,-2986.666667
8.393795,10.207380,14.180499,18.856332,8.110586,9.423888,9.482422,18.527276,16.466798,14.115333,10.255761,6.014922,17.572915,13.892788,10.618427,7.779738,101.666672,-666.445353,-732.000000,6766.666667,-606.666667,-3126.666667
8.156603,9.798429,13.565392,18.558506,8.143048,9.492285,9.545359,18.727791,15.950432,13.430494,9.749371,5.744079,17.540550,13.826477,10.298757,7.666086,99.551999,-666.608012,-731.674683,6020.000000,-606.666667,-2940.000000
8.374502,10.229842,14.166524,19.323850,8.123913,9.460910,9.517434,19.134281,16.596055,13.845916,9.971108,5.778691,17.930177,14.057823,10.366325,7.619574,100.202667,-664.981343,-734.928019,5506.666667,-933.333333,-2660.000000
8.525393,10.405820,14.303502,19.459662,8.094646,9.462177,9.521609,19.072740,16.731485,13.907430,10.048449,5.835551,17.924220,13.939030,10.371984,7.569919,99.714671,-665.469360,-732.976013,5600.000000,-1073.333333,-2426.666667
8.538465,10.417662,14.281891,19.134257,7.984569,9.461389,9.521283,18.395146,16.830063,13.929089,10.057106,5.797476,18.012727,13.846428,10.356761,7.452610,100.528002,-667.909343,-731.349325,5693.333333,-933.333333,-2380.000000
8.426935,10.483295,14.461553,19.131561,7.966132,9.379851,9.438562,18.192339,17.085979,14.147055,10.197394,5.834346,18.187343,13.799644,10.397055,7.419430,100.853332,-666.608012,-731.186666,5880.000000,-1446.666667,-2473.333333
8.154185,10.310254,14.310163,18.897346,7.631879,8.715119,8.729997,17.392553,17.194529,14.273829,10.269954,5.866151,18.470585,13.988034,10.507401,7.451635,100.690666,-665.306682,-733.626648,5600.000000,-1586.666667,-2660.000000
8.020941,10.198010,14.230346,18.744823,7.396664,7.777938,7.750951,17.242127,17.144903,14.218150,10.150753,5.773932,18.476817,13.924515,10.195309,7.311607,105.408000,-666.445333,-735.578674,5366.666667,-1773.333333,-2846.666667
8.018664,10.163482,14.227983,18.667939,7.356145,7.431620,7.391943,17.389126,17.157069,14.221881,10.094984,5.731723,18.521286,13.914272,9.991135,7.220320,104.919998,-663.517334,-732.487997,5413.333333,-1680.000000,-3080.000000
8.022245,10.087083,14.073641,18.411133,7.332576,7.355386,7.316298,16.929307,17.044183,14.165097,10.053112,5.697932,18.542088,13.953922,9.958077,7.160151,107.685336,-665.794678,-743.549357,4853.333333,-2286.666667,-3453.333333
7.963381,9.998108,13.956375,18.223757,7.235001,7.227398,7.174661,16.724116,16.877359,14.045354,9.982195,5.655998,18.395370,13.874831,9.874432,7.075366,105.733332,-668.559997,-734.277364,5133.333333,-1866.666667,-3360.000000
7.869619,10.026294,14.046140,18.180001,7.211791,7.133234,7.068896,16.788564,16.966679,14.089763,9.986956,5.578456,18.483185,13.898720,9.897140,6.918240,107.034668,-664.656006,-732.650675,6300.000000,-1540.000000,-3080.000000
7.777458,10.026263,14.120203,18.123123,7.188524,7.116340,7.051989,16.733506,17.037846,14.101159,9.955658,5.491240,18.490000,13.869560,9.849562,6.765061,104.757334,-662.866679,-734.440023,6626.666667,-1306.666667,-2986.666667
7.742000,10.002401,14.078182,18.231030,7.124953,7.134916,7.070977,16.753123,17.091968,14.076141,9.906876,5.489636,18.372882,13.776158,9.777580,6.712911,103.293335,-663.842672,-735.741333,6486.666667,-1586.666667,-2753.333333
7.653980,9.936197,13.974988,18.185968,7.063417,7.053149,6.991594,16.526047,17.018949,13.966626,9.820805,5.465760,18.208378,13.661016,9.640288,6.508960,100.365336,-661.890686,-733.301351,6206.666667,-1866.666667,-2473.333333
7.621609,9.933030,13.968961,18.161376,7.061760,7.014582,6.951879,16.520260,16.976825,13.916763,9.782950,5.532507,18.171130,13.678236,9.614056,6.540257,102.642667,-668.072001,-730.535990,5833.333333,-1680.000000,-2286.666667
7.527317,9.881952,13.931579,18.086815,6.972869,6.736395,6.658129,16.246343,16.951307,13.911010,9.726041,5.588403,18.103651,13.666665,9.535537,6.590010,101.666667,-668.234660,-732.162679,5880.000000,-1213.333333,-2146.666667
7.189102,9.400542,13.302411,17.277561,6.559604,6.197297,6.118548,15.160163,16.786702,13.750563,9.491659,5.452873,18.091719,13.624508,9.528747,6.684721,101.666669,-663.680013,-739.808004,6113.333333,-1213.333333,-1960.000000
7.068495,9.186192,13.042482,17.001571,6.503435,5.995759,5.922655,14.883022,16.580341,13.573916,9.275737,5.272819,17.951361,13.475390,9.404767,6.536754,102.642667,-660.589335,-736.391988,5926.666667,-933.333333,-2146.666667
7.089937,9.186620,13.047088,17.012768,6.358920,6.019784,5.945920,14.847206,16.540503,13.520574,9.251735,5.253177,17.703592,13.323514,9.271990,6.429921,102.642667,-661.077332,-738.344014,4993.333333,-1400.000000,-2193.333333
7.000034,9.113119,13.006999,16.903700,6.042466,5.803088,5.728143,14.835185,16.520901,13.518547,9.202443,5.245653,17.564970,13.226800,9.213263,6.383459,101.341337,-664.981343,-734.114685,4806.666667,-1073.333333,-2146.666667
6.953350,9.026652,12.906290,16.728830,6.012625,5.790004,5.726022,14.789408,16.346484,13.354126,9.123755,5.277444,17.376616,13.105409,9.233939,6.357936,100.528003,-666.608012,-729.072001,5226.666667,-700.000000,-2053.333333
6.911576,8.945131,12.815832,16.598772,6.019793,5.796998,5.733915,14.646817,16.249065,13.243770,9.071203,5.342989,17.378896,13.065049,9.236777,6.374264,101.504003,-667.096028,-730.373332,5320.000000,-326.666667,-2053.333333
6.838345,8.845344,12.725905,16.551278,6.019741,5.712750,5.654065,14.664411,16.015060,12.998973,8.934047,5.293549,17.095235,12.790877,8.978751,6.163592,100.365334,-668.072001,-731.512024,4993.333333,-746.666667,-2146.666667
6.781835,8.714517,12.441943,16.173308,5.921385,5.746225,5.684695,14.040764,15.920528,12.946984,8.860251,5.347244,17.121391,12.832162,8.966176,6.185351,98.738668,-666.608012,-730.698670,4620.000000,-980.000000,-2100.000000
6.631683,8.379356,11.946293,15.495508,5.831491,5.781152,5.726518,13.530137,15.556691,12.630002,8.618531,5.329186,16.994605,12.729223,8.886877,6.207356,98.576002,-666.933329,-733.789347,4480.000000,-840.000000,-2193.333333
6.623562,8.336722,11.915473,15.452683,5.832391,5.663908,5.603779,13.440427,15.466972,12.508112,8.499074,5.218184,16.890749,12.568950,8.738727,6.105778,98.413335,-665.469340,-732.325358,4106.666667,-1073.333333,-2146.666667
6.631497,8.318910,11.773693,15.283688,5.785104,5.568101,5.498967,13.173730,15.372545,12.539684,8.575898,5.186586,16.949739,12.637661,8.769397,6.063960,98.738668,-666.608012,-732.000000,4060.000000,-1166.666667,-2193.333333
6.575226,8.176382,11.344490,14.837032,5.759874,5.425306,5.362744,13.010305,14.925886,12.323141,8.558112,5.265590,16.731147,12.690401,8.849235,6.309785,100.040003,-668.234680,-734.277344,3920.000000,-1166.666667,-2380.000000
6.443453,8.043090,11.174191,14.691985,5.675269,5.468555,5.400878,12.999714,14.836411,12.246428,8.515550,5.290678,16.690454,12.735082,8.867253,6.471199,100.690669,-666.608012,-734.765361,3920.000000,-1073.333333,-2380.000000
6.445532,8.041050,11.165860,14.727065,5.687464,5.418210,5.340131,12.983437,14.800081,12.158409,8.465805,5.253918,16.606760,12.619675,8.689965,6.401813,102.154668,-665.794678,-736.880005,3920.000000,-886.666667,-2333.333333
6.523121,8.054066,11.140266,14.630431,5.744407,5.407437,5.332651,12.996023,14.741633,12.167984,8.488789,5.257843,16.599871,12.617955,8.713829,6.395985,101.178670,-668.072001,-735.741353,3826.666667,-420.000000,-2473.333333
6.550230,7.900359,10.843544,14.463646,5.734035,5.414381,5.338514,13.071006,14.424641,12.004376,8.415185,5.270012,16.374012,12.467575,8.702032,6.406257,101.666667,-668.885335,-735.578654,4246.666667,-326.666667,-2380.000000
6.602880,7.973692,10.972400,14.670508,5.839905,5.479196,5.406899,13.163348,14.510498,12.084087,8.470563,5.295751,16.449225,12.455549,8.773452,6.403581,101.992002,-666.282654,-734.602682,4340.000000,93.333333,-2333.333333
6.609557,8.008927,11.058526,14.807820,5.757283,5.413363,5.332796,12.865134,14.603610,12.198936,8.593101,5.342690,16.461839,12.444817,8.832434,6.403334,101.991999,-665.143982,-734.765340,4433.333333,0.000000,-2286.666667
6.658907,8.125924,11.169567,14.918093,5.752917,5.413360,5.333211,13.039283,14.668885,12.369852,8.762789,5.369568,16.492138,12.571050,8.959891,6.466529,100.040001,-662.704000,-737.042663,4526.666667,-93.333333,-2146.666667
6.636819,8.056662,11.068769,14.960992,5.762136,5.376752,5.291770,13.175124,14.339608,12.035242,8.595031,5.302690,15.815869,12.163387,8.700271,6.341181,99.226667,-665.144002,-736.066671,4200.000000,0.000000,-2100.000000
6.676496,8.151987,11.167095,15.013647,5.736612,5.276484,5.189181,13.220833,14.452034,12.121667,8.723145,5.413457,15.878526,12.227240,8.925823,6.448475,97.437335,-669.048015,-725.005331,4013.333333,-280.000000,-2286.666667
6.702128,8.281717,11.297559,14.953817,5.687682,5.279276,5.211273,13.075379,14.600801,12.256986,8.852723,5.444463,15.895353,12.267248,8.999082,6.466207,100.365334,-669.698669,-730.210652,3640.000000,-980.000000,-2473.333333
6.781738,8.506635,11.542799,15.033670,5.871269,5.104626,5.066696,13.425521,14.694575,12.318796,8.893406,5.377986,15.853023,12.208526,8.995646,6.404485,100.690669,-666.933329,-730.373352,3780.000000,-466.666667,-2613.333333
6.770873,8.574936,11.616799,15.152409,5.946616,5.254303,5.210255,13.811994,14.668166,12.252588,8.838806,5.269871,15.741154,12.135873,8.954569,6.347978,100.528002,-667.258687,-728.584005,3686.666667,-840.000000,-2660.000000
6.819707,8.824504,11.911560,15.351779,6.068825,5.500801,5.465398,13.961564,14.857058,12.423136,8.961125,5.240546,15.694230,12.150041,8.927198,6.331990,101.178665,-667.421326,-730.536011,3266.666667,-933.333333,-2753.333333
6.858890,9.071168,12.271593,15.487875,6.108752,5.460048,5.426021,14.293005,15.036377,12.587058,9.110594,5.260687,15.799018,12.200238,8.993171,6.435681,101.504000,-664.493327,-731.837321,2940.000000,-1260.000000,-2753.333333
6.965303,9.245843,12.443570,15.308407,6.270360,5.766046,5.710699,14.646227,14.864908,12.519494,9.092400,5.270571,15.549976,12.036432,8.926685,6.385476,100.853335,-671.325338,-729.234680,2333.333333,-1680.000000,-2893.333333
6.854888,9.191031,12.372290,15.259285,6.204054,5.642906,5.589045,14.639542,14.526958,12.244617,8.904985,5.219104,15.013933,11.688083,8.662985,6.291134,103.293335,-672.789347,-736.066691,1773.333333,-2053.333333,-2893.333333
6.806176,9.258801,12.539238,15.439108,6.169623,5.479059,5.425306,14.776690,14.668888,12.357258,8.972502,5.218886,15.029059,11.706816,8.584488,6.270012,103.781332,-668.072022,-732.813354,2566.666667,-1446.666667,-2706.666667
6.843269,9.364412,12.691916,15.585425,6.177497,5.338798,5.302815,14.768896,14.783556,12.493070,9.126618,5.296301,14.995002,11.733422,8.608324,6.297380,103.455999,-664.981344,-734.765340,2753.333333,-1400.000000,-2473.333333
6.870755,9.367681,12.719843,15.646738,6.202901,5.307638,5.283996,14.826307,14.820533,12.576292,9.191266,5.411137,14.982972,11.775916,8.689928,6.416035,104.432002,-669.861348,-733.789347,2520.000000,-1493.333333,-2333.333333
7.004892,9.513212,12.926503,15.901572,6.294987,5.517451,5.490442,14.963940,15.029757,12.749651,9.289719,5.520181,15.064734,11.802170,8.729609,6.407780,103.781334,-669.698669,-737.042684,2473.333333,-1633.333333,-2100.000000
7.186148,9.726805,13.244030,16.246479,6.173008,5.391370,5.362468,15.079850,15.432769,13.063932,9.503755,5.705279,15.375792,11.961174,8.916718,6.454888,104.432002,-668.885335,-738.018677,2893.333333,-1260.000000,-1773.333333
7.232275,9.787193,13.337485,16.251358,6.174179,5.195407,5.170722,15.008936,15.396280,12.978216,9.512322,5.732663,15.183327,11.716931,8.936142,6.373967,101.341334,-670.024028,-731.512024,3406.666667,-1120.000000,-1446.666667
7.094548,9.713633,13.193195,15.930509,6.087863,5.077248,5.062043,14.647496,15.314315,12.951947,9.538537,5.785597,14.957089,11.473101,8.905149,6.371930,100.202667,-677.343994,-731.024027,2846.666667,-1633.333333,-1400.000000
6.782181,9.309877,12.621068,15.055165,5.979173,4.984388,4.974392,14.021572,14.648992,12.455829,9.273752,5.653249,14.452889,11.045790,8.627010,6.285564,101.829333,-671.325338,-731.512003,3220.000000,-933.333333,-1213.333333
6.663243,9.437014,12.868259,15.266529,5.957763,4.979479,4.965450,14.069014,14.933578,12.656745,9.468574,5.664792,14.720268,11.201072,8.705552,6.277995,99.877335,-665.794678,-730.698670,3453.333333,-140.000000,-933.333333
6.704953,9.662036,13.212599,15.590940,5.994737,4.989055,4.972622,14.029307,15.275038,12.956859,9.716803,5.704159,14.943347,11.369116,8.854030,6.317561,100.528000,-667.096008,-732.487997,2986.666667,93.333333,-746.666667
6.615265,9.558612,13.079985,15.442085,6.004003,5.022475,5.002542,13.956014,14.924982,12.676174,9.568351,5.604845,14.470143,11.128662,8.717840,6.323493,101.341334,-668.397339,-732.976013,2473.333333,46.666667,-606.666667
6.519450,9.475629,12.930492,15.235547,6.012027,5.021474,4.999491,13.897582,14.684451,12.435068,9.407858,5.537298,14.123528,10.866994,8.574853,6.269149,101.504000,-668.885335,-732.813334,2100.000000,93.333333,-560.000000
6.487501,9.501798,12.858272,15.100922,5.958295,5.004601,4.980357,13.609419,14.659099,12.406889,9.393862,5.526549,14.133121,10.846868,8.685183,6.259252,100.365333,-668.234680,-732.813355,2240.000000,373.333333,-513.333333
6.414748,9.579947,12.886862,15.133446,5.836771,4.863817,4.825814,13.424052,14.717085,12.473357,9.426754,5.524104,14.097700,10.796010,8.721887,6.250654,98.738668,-667.909322,-733.952006,2053.333333,746.666667,-606.666667
6.439893,9.735476,12.989871,15.148498,5.858874,4.864076,4.826699,13.350454,14.824448,12.607832,9.557392,5.551554,14.153182,10.822256,8.807554,6.256559,98.413332,-670.837342,-732.000021,2146.666667,1260.000000,-560.000000
6.505560,9.875678,13.125976,15.221939,5.941481,4.874230,4.830217,13.404936,15.054866,12.794732,9.750020,5.586424,14.391341,10.954332,8.983684,6.281301,97.925334,-674.415995,-730.861348,2286.666667,1540.000000,-606.666667
6.689226,10.059730,13.362853,15.385484,6.071163,4.960514,4.904878,13.465090,15.301432,13.073515,9.932197,5.727874,14.611403,11.246697,9.195638,6.456200,97.274668,-676.530680,-729.072001,2520.000000,1260.000000,-746.666667
6.789911,10.152626,13.411025,15.352512,6.160770,4.962404,4.905932,13.502360,15.296457,13.124005,9.967160,5.779761,14.575600,11.339337,9.282239,6.515575,95.322670,-675.717326,-727.445333,2660.000000,1166.666667,-840.000000
6.826560,10.146696,13.386388,15.248701,6.179761,4.940077,4.886292,13.474543,15.237629,13.115039,9.942604,5.773175,14.541299,11.361922,9.334255,6.527631,97.274666,-676.856018,-726.469340,2846.666667,1260.000000,-1073.333333
6.846164,10.221837,13.480692,15.402894,6.261932,5.198961,5.135676,13.922932,15.231440,13.102451,9.931462,5.746449,14.492610,11.403772,9.272474,6.522744,96.624001,-671.162659,-727.608012,2846.666667,1306.666667,-1446.666667
6.812064,10.248874,13.506025,15.453350,6.288528,5.248811,5.192043,13.948046,15.247752,13.100938,9.941464,5.661339,14.413794,11.361235,9.187987,6.384785,96.461334,-670.512003,-730.210673,2706.666667,1120.000000,-1773.333333
6.812103,10.259106,13.495786,15.490001,6.320923,5.273152,5.227898,13.936526,15.219681,13.074340,9.945340,5.625123,14.362369,11.315637,9.134411,6.313270,98.576002,-666.119995,-733.464010,2566.666667,1306.666667,-1960.000000
6.846095,10.314930,13.516680,15.610789,6.579502,5.303018,5.270012,13.956658,15.153366,13.028783,9.920855,5.643129,14.263217,11.225204,9.061515,6.253251,99.877335,-666.770671,-734.114685,2380.000000,1120.000000,-2053.333333
6.854288,10.357624,13.539361,15.641585,6.608080,5.343634,5.312315,14.036390,15.179985,13.048335,9.944220,5.710872,14.295593,11.281456,9.124341,6.332592,100.365336,-667.421346,-736.392008,2753.333333,1540.000000,-2006.666667
6.850793,10.381463,13.564948,15.680833,6.585609,5.355783,5.332411,14.062439,15.191964,13.098245,10.003343,5.773574,14.284622,11.355836,9.209921,6.357204,101.178670,-668.722677,-735.904012,2473.333333,1633.333333,-1820.000000
6.849491,10.400096,13.587967,15.708534,6.597413,5.383752,5.356053,14.096477,15.260286,13.156585,10.082624,5.814275,14.405842,11.438081,9.333379,6.409846,99.714666,-673.765340,-737.042684,2566.666667,1913.333333,-1680.000000
6.911552,10.594411,13.871530,15.969984,6.669087,5.368554,5.326207,14.230142,15.514689,13.338737,10.229591,5.840735,14.577156,11.540166,9.437433,6.447592,101.016001,-674.578674,-733.464010,2940.000000,2240.000000,-1586.666667
6.873774,10.540353,13.814552,15.837929,6.627008,5.267407,5.218321,14.140146,15.401068,13.243782,10.146364,5.755041,14.408089,11.444585,9.351669,6.435199,99.552002,-674.741333,-733.952006,3733.333333,2520.000000,-1633.333333
6.899366,10.544462,13.827614,15.801499,6.698811,5.444113,5.391931,14.253589,15.460182,13.278454,10.118411,5.722898,14.526060,11.520099,9.390878,6.431202,101.341334,-673.440002,-732.162679,4200.000000,2753.333333,-1773.333333
6.952462,10.611941,13.908122,15.885015,6.718538,5.439300,5.393550,14.368242,15.552411,13.322468,10.156420,5.651602,14.533422,11.470103,9.387291,6.350676,98.738668,-674.253357,-730.861348,4620.000000,2940.000000,-1960.000000
7.022519,10.730527,13.983228,15.930251,6.754220,5.423902,5.371303,14.352889,15.652009,13.424406,10.232132,5.632961,14.603848,11.480273,9.422085,6.333570,100.202667,-672.301331,-730.861349,4900.000000,2660.000000,-2146.666667
7.024092,10.745484,13.974356,15.896213,6.763451,5.350099,5.299528,14.278178,15.633563,13.436060,10.306151,5.654803,14.569193,11.523830,9.448018,6.334117,100.365334,-672.138672,-730.048014,5226.666667,2333.333333,-2426.666667
6.997881,10.733066,13.963274,15.882417,6.751817,5.337163,5.292064,14.232179,15.588122,13.440337,10.387218,5.761862,14.513422,11.591975,9.525028,6.428919,100.202670,-670.837342,-730.210693,5366.666667,1866.666667,-2566.666667
6.920834,10.665607,13.889938,15.824172,6.741549,5.372859,5.330733,14.146795,15.486121,13.363156,10.338647,5.752886,14.422153,11.518254,9.496344,6.296951,102.317337,-669.210673,-729.072021,5553.333333,1540.000000,-2706.666667
6.883658,10.657293,13.903134,15.929140,6.722278,5.321518,5.284461,14.030419,15.483500,13.334235,10.344785,5.716639,14.416892,11.470651,9.430291,6.104000,102.642670,-669.373352,-729.397339,5553.333333,1260.000000,-2846.666667
6.820757,10.716146,13.969849,16.064455,6.722687,5.440488,5.396101,14.030712,15.540191,13.396206,10.427096,5.693478,14.456789,11.539246,9.451238,5.988316,104.920001,-666.933350,-729.397339,5506.666667,1026.666667,-3033.333333
6.804641,10.790510,14.014526,16.115680,6.741934,5.509988,5.452623,14.074305,15.570597,13.429611,10.480297,5.714768,14.416038,11.541784,9.458702,5.982987,103.618668,-667.096008,-730.698670,5040.000000,746.666667,-3080.000000
6.789878,10.776231,13.972909,15.995117,6.732196,5.508070,5.450472,13.956725,15.535628,13.387630,10.463036,5.728396,14.387620,11.512589,9.424230,6.021336,103.781336,-665.144023,-732.325338,4480.000000,420.000000,-3033.333333
6.824565,10.845243,14.003313,15.885401,6.887849,5.443604,5.382749,13.895490,15.521842,13.410094,10.417680,5.820112,14.452703,11.530901,9.482676,6.333656,102.805336,-666.770691,-733.626648,4200.000000,46.666667,-2986.666667
7.039655,11.034788,14.270883,15.919286,7.401948,5.512190,5.445411,13.970115,15.627982,13.653411,10.511465,6.108240,14.538780,11.445128,9.441820,6.818401,100.528000,-669.210673,-731.837341,3873.333333,-280.000000,-2846.666667
7.389155,11.523807,14.666789,16.346577,8.101658,5.535381,5.469870,14.504660,16.050010,13.986812,11.106598,6.825273,14.996317,11.999642,10.011692,7.576823,104.106669,-668.722677,-731.512004,3966.666667,-233.333333,-2660.000000
7.458293,11.672492,14.928624,16.280692,8.405003,5.530290,5.465417,14.661605,16.311347,14.257553,11.099841,7.040248,15.310752,12.106924,10.108507,7.915012,103.293335,-671.162679,-730.536011,3920.000000,-93.333333,-2333.333333
7.609262,11.636823,14.858012,16.239177,8.550607,5.615254,5.561810,14.612334,16.169262,14.147732,11.034776,7.096404,15.150529,11.991466,9.922013,7.889175,103.293332,-670.512004,-729.397339,3966.666667,0.000000,-2053.333333
7.619981,11.567475,14.761425,16.191991,8.591874,5.752709,5.701943,14.563804,15.992152,14.009250,10.921832,7.077821,15.006387,11.877222,9.772066,7.860576,103.293332,-670.186686,-729.559997,4060.000000,140.000000,-1866.666667
7.557449,11.408193,14.577415,16.046203,8.537592,6.177085,6.119609,14.225331,15.880140,13.926500,10.849766,7.076076,14.972972,11.906972,9.743214,7.883571,101.341334,-671.488017,-730.373332,4106.666667,420.000000,-1680.000000
7.531891,11.331927,14.499538,15.951802,8.550462,6.276119,6.228961,13.990366,15.825571,13.859951,10.814218,7.082066,14.954953,11.954969,9.716648,7.925401,102.154670,-671.162699,-729.397339,4106.666667,793.333333,-1493.333333
7.501905,11.202938,14.325021,15.733767,8.490146,6.089886,6.035841,13.720853,15.712231,13.743562,10.841953,7.076059,14.948914,12.023350,9.732952,7.910374,102.154668,-669.536011,-732.650675,4340.000000,1400.000000,-1166.666667
7.423880,10.982242,13.971008,15.416331,8.421710,6.075206,6.025178,13.157186,15.498115,13.574926,10.891780,7.071868,14.915358,12.058700,9.735508,7.816612,100.853335,-668.234680,-732.162679,4526.666667,1913.333333,-1026.666667
7.217414,10.665015,13.567342,15.216261,8.218254,5.767032,5.752115,12.618464,15.272969,13.335488,10.890700,6.988555,14.833263,12.033846,9.680586,7.818027,101.829333,-668.072021,-732.325338,4526.666667,2380.000000,-746.666667
7.222746,10.734900,13.659957,15.351259,8.255169,5.758585,5.740423,12.688332,15.418769,13.460699,11.016838,7.019011,15.009746,12.153115,9.837186,7.855148,101.341332,-666.933349,-731.024007,4526.666667,2520.000000,-466.666667
7.250052,10.710163,13.526908,15.183063,8.225444,5.735079,5.710843,12.504666,15.315409,13.415154,10.989509,7.008828,15.017977,12.169917,9.954469,7.827232,100.690666,-669.210673,-727.608012,4200.000000,2706.666667,-326.666667
7.220501,10.558758,13.269086,14.975678,8.200193,5.767200,5.741154,12.409111,15.025122,13.105947,10.789821,6.947650,14.821706,12.033462,9.887977,7.818728,101.341334,-671.813334,-728.096029,3546.666667,2566.666667,-233.333333
7.214761,10.534433,13.204428,14.915869,8.198814,5.904047,5.860990,12.366961,14.918950,12.945900,10.686524,6.905720,14.723474,11.976297,9.756062,7.726640,101.829336,-671.325338,-730.536031,3453.333333,2753.333333,-233.333333
7.097790,10.359741,12.996323,14.624068,8.126359,5.855060,5.808433,12.176025,14.670630,12.773819,10.598890,6.787991,14.559676,11.878379,9.730826,7.732399,101.016002,-672.626689,-729.072021,3033.333333,2800.000000,0.000000
6.893587,10.190684,12.781908,14.372464,8.091100,5.841627,5.795476,12.006165,14.324540,12.496076,10.484696,6.595945,14.209781,11.643486,9.548588,7.599121,100.528000,-673.440023,-727.282674,2893.333333,2940.000000,-93.333333
6.895936,10.219309,12.815346,14.478197,8.140127,5.939099,5.892860,12.047017,14.402596,12.539710,10.547139,6.611265,14.316353,11.789996,9.589369,7.637914,101.178665,-675.717326,-728.258687,2706.666667,2846.666667,-46.666667
6.960226,10.303090,12.951620,14.697870,8.190893,6.027267,5.993782,12.373739,14.552801,12.613701,10.570455,6.573249,14.462919,11.933952,9.620239,7.587808,101.829333,-676.530680,-726.144002,2520.000000,2800.000000,-93.333333
7.057855,10.441567,13.226997,14.984426,8.215021,6.037750,6.001601,12.707834,14.812475,12.800237,10.603769,6.602330,14.664605,12.119924,9.641165,7.594965,101.666664,-678.970662,-726.632019,2613.333333,2660.000000,-140.000000
7.027703,10.328779,13.103979,14.742665,8.125908,6.037927,6.001212,12.778739,14.608868,12.669731,10.425474,6.531493,14.451074,12.033495,9.515696,7.568191,100.528002,-680.109355,-726.794678,2566.666667,2706.666667,-46.666667
6.988462,10.150244,12.808339,14.377369,8.129985,6.077776,6.041240,12.764080,14.201271,12.348342,10.171254,6.477802,14.069727,11.842648,9.361268,7.598252,102.805334,-677.669332,-725.168009,2613.333333,2706.666667,-280.000000
7.080586,10.107693,12.642294,14.231386,8.245837,6.099986,6.059255,12.724213,14.034238,12.235325,10.109489,6.563793,13.937589,11.813150,9.370222,7.754706,101.991999,-678.320028,-724.029337,2566.666667,2566.666667,-140.000000
7.089017,10.190666,12.749789,14.449656,8.326007,6.347402,6.311716,12.843898,14.209570,12.372837,10.179131,6.629094,14.087953,11.879077,9.467768,7.897628,99.714668,-678.320007,-720.613342,2473.333333,2333.333333,-326.666667
7.096037,10.256057,12.850836,14.573879,8.445991,6.545546,6.517481,12.903551,14.297759,12.476377,10.227033,6.659696,14.035214,11.862508,9.406346,7.914223,99.226667,-677.018677,-721.752035,2473.333333,2286.666667,-466.666667
7.095730,10.188917,12.759125,14.489865,8.465828,6.618636,6.582174,12.917678,14.208237,12.441622,10.205016,6.699008,14.003493,11.905215,9.444040,7.967047,97.274668,-676.856018,-718.335998,1913.333333,2333.333333,-606.666667
7.068324,9.976958,12.516511,14.316165,8.497513,6.814703,6.774046,12.922435,13.928881,12.200160,10.011517,6.696062,13.835036,11.822161,9.389484,8.000204,98.576002,-674.253357,-720.125346,1353.333333,2380.000000,-793.333333
7.060629,9.837154,12.345383,14.107883,8.525786,6.798840,6.763314,12.751674,13.686511,12.020346,9.840485,6.769445,13.630186,11.693150,9.338411,8.002464,98.738665,-675.229350,-719.149333,280.000000,2006.666667,-1213.333333
6.932955,9.644629,12.051765,13.826201,8.481158,6.793258,6.756326,12.473587,13.354952,11.709243,9.659052,6.788894,13.353675,11.399326,9.226089,8.005883,97.437335,-675.392009,-716.546692,-653.333333,1820.000000,-1586.666667
6.824318,9.543990,11.927683,13.734613,8.434054,7.029892,6.994439,12.353571,13.232415,11.571903,9.571725,6.802838,13.260554,11.254742,9.166651,8.031963,100.528002,-676.693359,-716.058655,-1680.000000,1493.333333,-1866.666667
6.771493,9.566253,11.895417,13.734238,8.491776,7.421417,7.370545,12.360759,13.234285,11.568078,9.585124,6.887504,13.260975,11.215934,9.183113,8.107922,99.226667,-676.530680,-714.920003,-2800.000000,1260.000000,-2286.666667
6.713342,9.443317,11.708668,13.418067,8.431001,7.297177,7.253353,11.861087,13.093545,11.472681,9.518144,6.865071,13.173115,11.027746,9.205598,8.083743,99.552002,-677.344015,-712.642680,-3686.666667,1166.666667,-2566.666667
6.686553,9.416258,11.677439,13.379780,8.458176,7.285428,7.242153,11.847030,13.073740,11.469357,9.484993,6.838016,13.185451,10.961423,9.305588,8.085300,102.317335,-677.506653,-714.269328,-4806.666667,1120.000000,-2893.333333
6.674075,9.411566,11.660863,13.337171,8.496767,7.377764,7.326987,11.932316,13.064401,11.475235,9.491097,6.846103,13.199914,10.961308,9.411284,8.117721,101.829336,-677.994669,-713.943990,-5553.333333,840.000000,-3033.333333
6.601705,9.357322,11.621151,13.160066,8.282433,7.393730,7.340835,11.933768,13.013635,11.458734,9.482649,6.801892,13.147120,10.936523,9.428300,8.110901,103.293332,-676.205322,-713.943990,-6346.666667,513.333333,-3080.000000
6.599092,9.461633,11.771050,13.175831,8.266910,7.377268,7.321276,12.038182,13.026658,11.493650,9.521214,6.799666,13.108557,10.939096,9.399692,8.044490,101.829336,-674.904012,-714.432007,-7233.333333,186.666667,-3173.333333
6.627534,9.537591,11.838192,13.152578,8.313586,7.424571,7.360395,12.111006,13.041328,11.502705,9.546712,6.840548,13.144466,10.943328,9.417782,8.123649,101.341337,-675.066671,-714.432007,-8073.333333,0.000000,-3313.333333
6.642779,9.490429,11.795903,13.095501,8.306110,7.404621,7.344309,12.088797,12.943014,11.410741,9.458353,6.799759,13.008974,10.889521,9.289982,8.059981,104.269333,-678.482666,-716.709330,-8633.333333,-466.666667,-3266.666667
6.585543,9.253221,11.415181,12.742312,8.251183,7.384928,7.326166,11.900193,12.527713,11.103418,9.225431,6.734773,12.643150,10.692215,9.109114,7.952025,103.781334,-669.210673,-715.245341,-9473.333333,-886.666667,-3126.666667
6.647923,9.252345,11.396247,12.739703,8.318007,7.386656,7.327144,11.886633,12.514231,11.102931,9.213299,6.770781,12.660585,10.714117,9.168039,7.951148,102.642667,-673.440023,-713.456014,-10080.000000,-1213.333333,-3220.000000
6.655417,9.218080,11.337111,12.693609,8.251069,7.261068,7.207440,11.710465,12.336726,10.989096,9.187055,6.773320,12.409617,10.602343,9.090807,7.940233,103.781334,-671.813355,-715.245341,-11526.666667,-2100.000000,-3173.333333
6.592881,9.142420,11.245057,12.580383,8.232300,7.291681,7.241510,11.545346,12.227494,10.916698,9.129605,6.781790,12.362242,10.573206,9.068337,7.946720,102.154668,-668.397339,-717.522665,-12133.333333,-2333.333333,-3220.000000
6.506709,9.004039,11.180014,12.537248,8.173025,7.298539,7.258437,11.455157,12.151534,10.832707,9.050933,6.778493,12.330500,10.547245,9.083582,7.960259,103.130669,-668.397339,-716.058655,-13906.666667,-2753.333333,-3266.666667
6.500560,8.960747,11.182193,12.539981,8.157916,7.296709,7.259406,11.450995,12.118007,10.797452,8.951473,6.759279,12.312551,10.491130,9.073637,7.966427,102.968002,-669.048014,-718.824015,-14653.333333,-2800.000000,-3360.000000
6.497392,8.887875,11.140796,12.479300,8.142116,7.288430,7.250203,11.411930,11.995174,10.691426,8.810838,6.693475,12.206765,10.331166,8.979640,7.898288,102.968002,-669.861348,-719.800008,-15680.000000,-3126.666667,-3266.666667
6.498048,8.834065,11.145955,12.431750,8.065179,7.258361,7.217771,11.375682,11.933468,10.617286,8.766231,6.624242,12.138388,10.238262,8.947680,7.882439,103.293335,-672.138692,-720.450684,-16613.333333,-3453.333333,-3080.000000
6.489300,8.822299,11.006496,12.171070,8.097533,7.306047,7.268172,11.396065,11.797304,10.529953,8.677700,6.624494,12.020562,10.170583,8.953430,7.883740,103.944003,-672.789327,-721.101339,-17360.000000,-3780.000000,-2893.333333
6.438505,8.710320,10.761998,11.812972,8.049878,7.218293,7.187465,11.276814,11.568996,10.356737,8.509891,6.606156,11.856620,10.065309,8.936954,7.888330,101.992002,-675.554667,-723.866679,-18060.000000,-4200.000000,-2566.666667
6.391555,8.535430,10.544313,11.557270,8.022391,7.172502,7.149149,11.063811,11.355247,10.189080,8.374514,6.578663,11.729493,9.955646,8.886275,7.860170,101.666666,-676.368001,-726.144002,-18573.333333,-4433.333333,-2520.000000
6.428806,8.532642,10.556611,11.580479,8.010364,7.172308,7.147573,11.064989,11.342292,10.188923,8.393403,6.579789,11.723407,9.947993,8.889188,7.821650,101.504003,-676.693339,-727.608012,-18946.666667,-4713.333333,-2146.666667
6.454993,8.371134,10.342982,11.412034,7.858629,7.201111,7.171459,10.907350,11.139784,10.029015,8.351595,6.521707,11.511121,9.846798,8.784773,7.666327,99.064000,-680.597351,-726.957357,-19133.333333,-4900.000000,-1726.666667
6.306654,8.091129,9.915249,11.186802,7.463310,7.221366,7.202807,10.655202,10.792020,9.562116,8.170685,6.249894,11.194652,9.796028,8.652956,7.267141,99.877337,-679.133342,-725.005351,-19413.333333,-4900.000000,-1633.333333
5.917395,7.205253,9.105798,10.295266,6.635431,7.214690,7.194168,9.402480,9.916736,8.796900,7.352285,5.581136,10.253643,8.934551,7.737536,6.373056,97.437332,-680.434672,-723.866679,-19693.333333,-4900.000000,-1540.000000
5.874375,6.848218,8.647614,10.367735,6.105583,7.245543,7.223208,8.827993,9.473345,8.362164,7.406874,5.362479,9.696532,8.837059,7.531656,5.819517,97.112002,-681.085348,-726.144002,-19973.333333,-4993.333333,-1540.000000
5.523110,6.576405,8.427176,10.207981,5.705321,7.177755,7.147548,8.450557,9.349768,8.200065,7.326289,5.105429,9.664670,8.801654,7.431425,5.649595,95.973333,-679.946676,-724.192016,-19693.333333,-4526.666667,-1306.666667
5.448888,6.537449,8.357292,10.207879,5.608288,6.999809,6.964914,8.504595,9.318353,8.180598,7.347445,5.103302,9.612302,8.772625,7.484102,5.644741,94.184001,-682.549337,-726.144023,-19553.333333,-4386.666667,-1166.666667
5.496655,6.513682,8.393414,10.251883,5.565688,6.688065,6.653826,8.448323,9.317825,8.206990,7.417174,5.190841,9.617390,8.831882,7.504172,5.686874,94.021334,-679.133321,-725.168030,-19460.000000,-3966.666667,-1073.333333
5.529183,6.529051,8.428818,10.273714,5.507476,6.582811,6.543512,8.391019,9.359100,8.305702,7.515699,5.310885,9.642427,8.930360,7.631810,5.772570,93.045334,-677.832011,-721.589335,-19086.666667,-3966.666667,-933.333333
5.469912,6.471979,8.306287,10.069827,5.515692,6.615913,6.575966,8.301531,9.157708,8.228852,7.313053,5.315302,9.370015,8.711608,7.558386,5.779050,92.231999,-675.554667,-722.077331,-18666.666667,-3640.000000,-886.666667
5.501273,6.518269,8.248641,9.916441,5.556212,6.611502,6.570836,8.295365,9.058615,8.240480,7.060591,5.368805,9.258599,8.593049,7.506560,5.853883,92.394668,-677.018677,-720.288005,-18620.000000,-3126.666667,-746.666667
5.567083,6.560308,8.259037,9.848858,5.603944,6.570318,6.520444,8.312439,9.004326,8.250912,6.848004,5.426393,9.162679,8.626067,7.402018,5.889337,90.280004,-672.464030,-718.010681,-18853.333333,-2846.666667,-793.333333
5.599625,6.435610,8.118296,9.632682,5.556027,6.591853,6.539373,8.207342,8.764255,8.058153,6.638309,5.416025,8.832392,8.550820,7.197538,5.852923,90.930669,-671.976013,-715.896016,-19413.333333,-2566.666667,-793.333333
5.482122,6.393479,8.042157,9.507938,5.603275,6.705708,6.661501,8.092143,8.644541,7.953790,6.626519,5.418077,8.727441,8.641000,7.097815,5.850034,89.466670,-671.000000,-717.685343,-20253.333333,-2380.000000,-1073.333333
5.469124,6.636205,8.260694,9.682792,5.707641,6.702789,6.666689,8.187965,8.898428,8.214015,6.799759,5.575796,8.916991,8.813860,7.280924,5.919203,90.117335,-668.722656,-716.383993,-21140.000000,-2146.666667,-1213.333333
5.454422,6.690154,8.239078,9.700095,5.720030,6.559585,6.537662,8.229164,8.821836,8.152293,6.849074,5.550260,8.732826,8.669816,7.295096,5.830026,90.930666,-668.234680,-719.149332,-22166.666667,-2193.333333,-1306.666667
5.472005,6.686048,8.290116,9.702964,5.689748,6.419094,6.403652,8.241838,8.887905,8.176416,6.828045,5.574793,8.796046,8.706291,7.281320,5.829642,90.280001,-666.933349,-719.474691,-23286.666667,-1913.333333,-1586.666667
5.550624,6.675954,8.221420,9.502699,5.747785,6.447237,6.428658,8.196245,8.745803,8.096116,6.658383,5.561853,8.699293,8.658326,7.204036,5.825340,92.557335,-664.330689,-722.077331,-24266.666667,-2053.333333,-1680.000000
5.500143,6.556709,8.033062,9.286579,5.697219,6.383418,6.368908,7.940303,8.425393,7.843750,6.388170,5.516985,8.294921,8.386356,6.928399,5.727575,92.069336,-666.120015,-721.914673,-25620.000000,-2240.000000,-1866.666667
5.453220,6.432112,7.917789,9.194677,5.611653,6.266529,6.242831,7.593102,8.278406,7.785231,6.318426,5.543866,8.058072,8.237843,6.838126,5.711525,95.647997,-663.192016,-724.192016,-26600.000000,-2706.666667,-1820.000000
5.383745,6.277110,7.606737,9.054441,5.612031,6.278394,6.257647,7.191464,7.938925,7.610887,6.278883,5.547964,7.814366,8.034863,6.847390,5.710415,94.184001,-665.794678,-725.656006,-27766.666667,-3313.333333,-1820.000000
5.293338,6.138899,7.340451,9.010616,5.606276,6.281796,6.260146,6.951560,7.658322,7.402606,6.211924,5.505464,7.631481,7.853764,6.839825,5.682829,96.949333,-665.469340,-729.560018,-28653.333333,-3780.000000,-2100.000000
5.262068,6.165511,7.300166,9.171607,5.574942,6.258562,6.234428,6.980564,7.697758,7.408947,6.265133,5.502085,7.783528,7.971950,6.879598,5.630841,97.112002,-663.842672,-730.535990,-29213.333333,-4060.000000,-1960.000000
5.162484,6.152780,7.298575,9.256306,5.455430,6.207650,6.188614,7.004819,7.750945,7.442229,6.317841,5.408255,7.912044,8.103976,6.874474,5.521226,97.925336,-664.656026,-734.114665,-29913.333333,-4526.666667,-2006.666667
5.184268,6.042933,7.055648,8.879937,5.358376,6.017636,5.997493,6.804038,7.405362,7.229231,6.222809,5.341741,7.619069,8.058393,6.753567,5.375149,96.624001,-662.541361,-736.229350,-30053.333333,-4666.666667,-1913.333333
5.187665,5.980332,6.957564,8.724815,5.271530,5.930341,5.913521,6.852537,7.159086,7.067870,6.143046,5.328570,7.415590,8.028177,6.696757,5.335531,98.413335,-666.933329,-729.722677,-30520.000000,-5086.666667,-1820.000000
5.198959,5.930658,6.972839,8.758423,5.258525,5.846556,5.838345,6.876820,7.039578,6.990225,6.112960,5.322033,7.288555,8.003799,6.642933,5.293108,100.853335,-666.282695,-736.229329,-30613.333333,-5553.333333,-1540.000000
5.256293,5.999015,7.136770,8.919768,5.270023,5.617296,5.613918,7.000928,7.128615,7.126114,6.243928,5.413758,7.321019,8.079657,6.625716,5.259688,103.293337,-662.053345,-738.181335,-29773.333333,-5086.666667,-1400.000000
5.303522,6.010151,7.201343,9.068355,5.262050,5.617622,5.611820,7.099077,7.154344,7.191226,6.350092,5.411640,7.323268,8.138979,6.530365,5.240442,102.968002,-663.029338,-738.506673,-29540.000000,-5273.333333,-1353.333333
5.401649,6.054576,7.271801,9.277511,5.252231,5.644551,5.657916,7.176900,7.238817,7.265563,6.435899,5.331446,7.314456,8.232176,6.496005,5.151333,103.130669,-661.890686,-743.224019,-29213.333333,-5040.000000,-1260.000000
5.546358,6.125567,7.318274,9.389346,5.265913,5.373559,5.388790,7.222965,7.323154,7.333213,6.555241,5.291730,7.323442,8.432252,6.523435,5.115205,103.618670,-661.402690,-743.712016,-28933.333333,-5180.000000,-1166.666667
5.811958,6.293587,7.540468,9.474460,5.323162,4.828737,4.869896,7.578119,7.509186,7.490029,6.794346,5.269389,7.431730,8.799997,6.595206,5.141736,104.432002,-660.264018,-745.664022,-28700.000000,-5086.666667,-1213.333333
5.937783,6.459264,7.640527,9.527531,5.383876,4.749129,4.793258,7.826525,7.632954,7.578418,6.901759,5.312981,7.566570,9.077575,6.557310,5.256304,104.431999,-659.776022,-746.639994,-28233.333333,-4760.000000,-1306.666667
6.009096,6.544190,7.778826,9.601205,5.392887,4.799682,4.839463,7.930384,7.676674,7.605873,6.969072,5.364354,7.614703,9.235450,6.458743,5.253744,106.058665,-659.288025,-749.242675,-27860.000000,-4293.333333,-1353.333333
5.996113,6.545590,7.840011,9.650452,5.282848,4.623018,4.664874,7.865603,7.678598,7.610727,6.995136,5.344997,7.613320,9.320952,6.353690,5.235370,105.733332,-659.288004,-750.056010,-27906.666667,-4153.333333,-1446.666667
