4.116893620637647,4.6656032536208025,5.2540641074387935,7.529575616655432,3.7821136200240275,3.6408444521246377,3.6326233635096323,,6.5246634926008795,5.484067430524297,,3.95384914718523,7.766173283823466,6.6920081597783785,,3.8470867541005296,61.976002,-727.119995,-682.712036,7560.0,-700.0,1400.0
3.7602377892952137,4.337396077375219,4.958613596253202,6.970972324857034,3.533312858090874,3.435134638706735,3.434619800559643,,6.28616449282579,5.31081119092537,,3.791517988926507,7.7442854068272045,6.501883353580469,,3.594504016227971,62.952,-727.608032,-678.807983,7560.0,-560.0,1400.0
3.5687826935871874,4.228622309353507,4.838759856218858,6.609823931194686,3.4721959900185415,3.3618919073383715,3.3700460370482292,,6.244731555858315,5.346056335312428,,3.7530651303707585,7.881530529743941,6.490954251272386,,3.5972950118032276,61.976002,-726.632019,-683.200012,7560.0,-280.0,1260.0
3.6264821682127812,4.342721497919114,4.943152746581329,6.821403443411293,3.5085582490819904,3.4249413633636228,3.4393497053342466,,6.284604411215683,5.416146315414979,,3.7790378626137673,7.935431607216978,6.52577205941721,,3.6791819773275587,59.048,-725.16803,-679.296021,7700.0,-140.0,1400.0
3.9609724971794686,4.758776163559714,5.209423607623665,7.19819163607477,3.889299354884015,3.887801297954148,3.9091691884338013,,6.439887947675968,5.642500846918864,,4.049934404778432,8.105217078486616,6.794383896055967,,4.136755343678525,58.560001,-729.0720209999998,-679.296021,7840.0,0.0,1260.0
4.120284040039665,4.9874261407290925,5.30879100296342,7.466635938201115,4.2029518521383125,4.181776651068605,4.211096123612302,,6.476596096000825,5.686432891457538,,4.126738721015463,8.145418043444643,6.905424188287495,,4.282489579618252,59.048,-728.583984,-681.247986,7980.0,280.0,980.0
4.089416568612723,4.934761127962417,5.292756118187423,7.482812744367959,4.190568900596246,4.194895223620091,4.229986273658408,,6.4564916218444806,5.636508772089875,,4.06494190000149,8.166609419898776,6.903114531408824,,4.234548967933913,59.048,-729.5599979999998,-682.712036,7840.0,140.0,840.0
4.017618756043767,4.906531907687286,5.294103445170008,7.4908249780590515,4.122500966139584,4.129164295447269,4.154742493070617,,6.456239367990491,5.6274817820334215,,4.004641448548315,8.173489053601708,6.878422927908764,,4.198643348610081,58.560001,-729.0720209999998,-677.832031,7840.0,280.0,840.0
4.0578205605055,4.911618538391005,5.251754741776433,7.503584540576071,4.127039817956673,4.125325901927385,4.14851948604921,,6.434962689163419,5.631834618333625,,4.0302353499548405,8.189083723402373,6.879757617537884,,4.222656013386274,61.976002,-729.0720209999998,-680.272034,7700.0,420.0,700.0
4.059354625897441,4.959059457398746,5.257211283212974,7.6406023784901596,4.241591329578732,4.189778213168713,4.214173573552906,,6.449670543946852,5.589900351742147,,4.058184008949099,8.244588414635189,6.91169815312728,,4.2676722483377025,61.487999,-728.096008,-678.320007,7980.0,560.0,700.0
3.8311257638556215,4.783692985010594,4.947405210997261,7.561566526630384,4.112856313010158,4.111211213785681,4.136363788158394,,6.196682105265594,5.299807288309658,,4.000223663624684,8.233848646408715,6.868757822417099,,4.307275473309759,62.464001,-730.048035,-678.807983,7980.0,420.0,700.0
3.776109912372237,4.720566767315867,4.8549094181173125,7.481568085208423,4.026238217230202,4.062902996794603,4.092562409530978,,6.372313702547381,5.309352154440076,,4.12863699683355,9.106266156242796,7.314610476084885,,4.592367403069773,61.976002,-729.0720209999998,-679.783997,7980.0,420.0,700.0
3.7867439735217796,4.766682909601016,4.949193284590028,7.577922053900533,4.014397593881961,4.042594129402491,4.071433637632729,,6.717686319163808,5.4226181472132975,,4.137600885052712,9.468354829218157,7.485075530734365,,4.625542684761346,61.976002,-728.096008,-680.76001,7840.0,560.0,560.0
3.868054371087267,4.86561034454051,5.001640733053309,7.623427917387109,4.140807769419324,4.177959200553001,4.1942943419789245,,6.720572721935826,5.424377966897016,,4.1538902258875074,9.45837681670801,7.465559225817566,,4.648090255819276,64.903999,-731.023987,-676.856018,7840.0,280.0,700.0
3.8822085867591785,4.859368201163093,4.9995236912755425,7.609847523403213,4.190694986084062,4.267253058890429,4.281459203965833,,6.770560842160871,5.483510042450664,,4.147800719999816,9.442361957170027,7.417996926178828,,4.653135662459132,63.928001,-732.0,-680.76001,7980.0,420.0,700.0
3.980280355226767,4.879028704168527,5.007972144781264,7.650505093619941,4.358710663393691,4.489039303794921,4.5077213809610095,,6.778868146528743,5.439466922901996,,4.189509994949373,9.555337495762268,7.478519326304931,,4.752698855315917,66.368004,-732.9760129999999,-678.320007,7840.0,280.0,840.0
3.986311434753728,4.877874505465956,5.037270667606842,7.802789634457657,4.421486586063496,4.547806613651438,4.574675578528431,,6.783578713015549,5.436629682149562,,4.18657104739171,9.592353689293065,7.47152357991522,,4.7621391482303865,66.368004,-730.536011,-680.76001,7840.0,140.0,980.0
3.991029545896909,4.909560914213168,5.151776700312925,8.054566790717356,4.438974867470871,4.546377971570826,4.5713162860502905,,6.856659580167354,5.469986244624258,,4.154513653106074,9.592845615419108,7.466049721951929,,4.763118104574477,64.903999,-730.536011,-679.296021,8120.0,0.0,1120.0
3.9951696189987715,4.973480381968296,5.231941388121257,8.085618449436383,4.463409517695645,4.553661489263424,4.575193185001707,,6.939863175319996,5.542688755528907,,4.133277717692357,9.592788290923929,7.466001881423435,,4.780675070578836,63.440002,-730.536011,-677.832031,8540.0,280.0,1260.0
4.0929426787909655,5.01673278577524,5.332371174362826,8.138409259303126,4.542809218697596,4.60941596725075,4.640192450573421,,7.006535203015901,5.617129611651331,,4.205469371713345,9.750404243615192,7.645324538682441,,4.829634702490371,61.976002,-732.0,-678.807983,8680.0,0.0,1400.0
4.091055423647931,5.020185037360863,5.309366844946804,8.088919546002414,4.528420184082504,4.612937594590472,4.641748125412618,,6.9874912222375185,5.622417108882991,,4.20662934748763,9.725680802947949,7.626954061182787,,4.829577335403654,65.879997,-730.048035,-681.736023,8960.0,280.0,1400.0
4.100576268185203,5.040055421818116,5.295182376908417,8.072839867637645,4.522079347114418,4.6180342216269565,4.65058171642592,,6.978040819567893,5.638942629423473,,4.233319891306993,9.72764390127458,7.621587360274237,,4.836833260410575,64.903999,-730.048035,-682.712036,9660.0,980.0,1680.0
4.128514249181261,5.061295233603337,5.43190144279439,8.131119035879781,4.568635933592318,4.628774249899876,4.66503238880383,,7.169819188468302,5.731694883688753,,4.287987853536943,9.99442471868528,7.815536066318569,,4.969458881158779,63.928001,-732.0,-685.151978,10220.0,980.0,1680.0
4.302011566770788,5.169806373625038,5.670870279644115,8.219280638801173,4.698488722011781,4.739735656718851,4.771731240856864,,7.372618048159454,5.8781054343428965,,4.597709278773698,10.194287069132947,7.96434830491201,,5.224242713425124,64.903999,-728.096008,-682.223999,10780.0,1400.0,1960.0
4.4359651137476455,5.279850752537417,5.87609449394218,8.240485496052257,4.912275868933046,4.932256302036405,4.952344006505119,,7.387233672061063,5.932315692458208,,4.837054362967294,10.154576193914172,7.816851608015431,,5.355786480324628,68.32,-730.536011,-682.223999,11200.0,1540.0,2240.0
4.417198967240552,5.2199109229099125,5.811012684800987,8.224511777034374,4.918106913841802,4.934020050551062,4.951064637306544,,7.228184644003943,5.87557887857995,,4.799721358994183,10.061301650629964,7.65511075092209,,5.293465837943888,64.416,-731.023987,-682.712036,11760.0,1680.0,2240.0
4.418227388981468,5.205236254270459,5.775352975819953,8.203064665477056,4.958924586754891,4.952938455916306,4.969172411537711,,7.144272684856397,5.851746617403691,,4.780259234248105,10.034321633313931,7.614533278203784,,5.286296062926981,64.903999,-730.048035,-681.247986,12180.0,1960.0,2240.0
4.436649229257173,5.263830442474303,5.812835218821456,8.224675028800316,5.063271538910552,5.005119957945542,5.020552670514076,,7.181629569486911,5.904102176440371,,4.780163063697244,10.033739973460591,7.614934020726973,,5.344054368309515,65.879997,-729.5599979999998,-681.736023,12600.0,2100.0,2240.0
4.355371434553897,5.228662355188343,5.770839666732375,8.223730595293139,5.0300257715964145,4.96049860073539,4.9850187618553345,,7.164703271394285,5.886482895433014,,4.607773910367814,10.07326451686159,7.65631633570213,,5.303407067556055,64.903999,-729.5599979999998,-681.247986,12880.0,2100.0,2520.0
4.426880670940461,5.280805252037898,5.927819392061048,8.32896997065514,5.104011783369519,5.029193208645857,5.056467042456542,,7.295129512895488,5.927728798523926,,4.567416738509986,10.247444728393054,7.792982615880512,,5.326520816901868,62.464001,-729.0720209999998,-680.76001,13020.0,2100.0,2520.0
4.486937182247137,5.443443480259453,6.59497577486065,8.738886039203361,5.221141266148182,5.0696305961701995,5.0995496405124605,,7.834984348397872,6.207744725955297,,4.598808191079108,10.522557397369903,7.953090998311461,,5.288755150690932,60.512001,-731.512024,-678.807983,13160.0,2100.0,2380.0
4.41345462866471,5.3657766278196535,6.719683086037812,8.690466108182884,5.216181286120014,5.059195671084667,5.0876997273239635,,7.735866709803074,6.096938695371657,,4.607201308461225,10.269450385878091,7.724246162220889,,5.150065942169414,62.952,-727.608032,-680.272034,13440.0,1820.0,2380.0
4.398905912009186,5.323492257578187,6.779295351493486,8.686139701860899,5.239018644909115,5.052967516867895,5.078949431626945,,7.7117841858828236,6.05643090844228,,4.607304785015257,10.18497060018938,7.609479535457272,,5.080650962443301,64.903999,-726.143982,-679.783997,13300.0,1400.0,2520.0
4.622126855422177,5.451876624413468,7.06081895052732,8.640198008894611,5.680937997524148,5.247075732746825,5.260456722526006,,7.692855162379277,6.133783124381104,,4.726264561226582,10.197605850090369,7.601513575452841,,5.4602495354844525,63.928001,-728.096008,-679.783997,13020.0,1260.0,2380.0
4.547856751141198,5.352557119052535,7.00248411105161,8.56608161300822,5.643751298172031,5.15494672195442,5.1657826602084045,,7.805547650429625,6.111854565773859,,4.6788290520267415,10.21007911493099,7.566682310294248,,5.452632423998,62.952,-729.5599979999998,-673.440002,12740.0,1260.0,2240.0
4.492485143853568,5.38942155395892,6.986988501587578,8.536410599203299,5.517622346123329,5.031335787162696,5.0360262866827,,7.939586394295308,6.122308609229119,,4.5666730967364915,10.217884150701359,7.57537053720399,,5.421754721699336,61.976002,-728.096008,-676.367981,12320.0,1120.0,2100.0
4.487924960942164,5.386933155185141,7.063616590301539,8.532608126131796,5.517453727974437,5.010072501380842,5.024040659579622,,7.937805823018214,6.125269311473149,,4.558298528232945,10.190002334484419,7.564564356609424,,5.430814614587681,61.487999,-729.0720209999998,-676.856018,12040.0,1120.0,2100.0
4.485154007702577,5.371613428738616,7.025479870962668,8.53711552372659,5.4971926354406975,5.012170661878075,5.028568691987242,,7.938049515785507,6.113188872753076,,4.517131906072739,10.115415670215516,7.533410202231756,,5.414563706021978,61.487999,-728.583984,-676.856018,11900.0,1260.0,2100.0
4.489596098030269,5.349051160489966,7.036828402232281,8.48785122457677,5.577294386799296,5.007229967079166,5.025732420006845,,7.889446321771621,6.099989050235846,,4.5154216466801,9.980907494181235,7.450182754622648,,5.357482845909279,61.0,-729.5599979999998,-679.296021,11620.0,1260.0,2100.0
4.494128142738258,5.34769510105807,7.211224973841426,8.500034931399291,5.7057825994612275,5.038462344470991,5.059906679650122,,7.89373374067032,6.142774454991423,,4.511653792500892,10.001603298627424,7.467270477605551,,5.368132801178582,62.952,-727.119995,-676.856018,12040.0,1540.0,2100.0
4.462927199659951,5.305969209374824,7.4175323729010545,8.489267439987282,5.728012100199011,4.976341541683732,4.99728148256757,,7.8759913713495395,6.169406654607335,,4.511183902103709,10.038771338167464,7.519530910713285,,5.337821574066409,66.368004,-728.096008,-677.343994,11760.0,1400.0,2100.0
4.498807913985035,5.311458611747521,8.247842046711972,8.627081302102312,5.862114096049201,4.951172466312292,4.9839284832125665,,7.895764236099582,6.377650227779376,,4.64198012337358,10.13563773862365,7.638943837777884,,5.406289869869459,62.952,-732.0,-676.856018,12040.0,1540.0,2240.0
4.567500526137801,5.3938432644388685,9.176990470946265,8.865420128242985,5.91820272077151,4.949973988866755,4.983906633503964,,7.821480428961179,6.495216066790857,,4.6982903764335,9.986234839820465,7.580969560476479,,5.398346710441845,64.416,-733.4639889999999,-679.296021,12180.0,1540.0,2100.0
4.736086866564243,5.6651657936169935,9.17583350535619,9.133216618887161,6.141904674359333,5.35680835931097,5.384832550401205,,8.316765987776423,6.624834575922456,,4.773232619709155,10.074599104451208,7.61418403355185,,5.461587818016055,63.928001,-733.952026,-680.272034,12600.0,1820.0,2240.0
4.749045382214701,5.72793129618022,9.173840801163594,9.23072402692824,6.164457596976578,5.416850610967077,5.44209769891601,,8.476466217829461,6.641662275291203,,4.7676125825020295,10.077217759353681,7.613396204845236,,5.460391950502667,62.464001,-735.903992,-678.320007,12880.0,1820.0,2240.0
4.684984127556509,5.588408327911578,9.066728468432201,9.03226466224412,6.140913124748725,5.41943176120982,5.443586803270179,,8.275241895506804,6.377828096153433,,4.734626236185087,9.946285767245744,7.477290681370755,,5.4551644280863725,66.368004,-736.880005,-679.296021,13580.0,2240.0,2520.0
4.662203654181106,5.555043702356733,9.018989471158521,8.885054410804349,6.182614645840654,5.430254849193254,5.455244272331888,,8.166573095083118,6.21809544763049,,4.733208650144983,9.780070757423285,7.327142112068817,,5.4572782511729665,64.416,-737.367981,-678.320007,14280.0,2240.0,2520.0
4.695772725197063,5.593569637022347,8.956196869661227,8.758127504852274,6.266501005509801,5.523629559228471,5.5519804434548465,,8.045122566843926,6.0445290655502575,,4.726874864620891,9.404775040279443,7.021608813201019,,5.461263025049157,67.344002,-736.880005,-678.807983,14840.0,2240.0,2520.0
4.70060586177534,5.59228296550323,8.993872345568887,8.732521456778045,6.2601860129780045,5.524831611037786,5.553527215029138,,8.07249070080452,5.981290291738074,,4.759681038699682,9.252742557651919,6.866782728086212,,5.450384769551826,67.832001,-736.3920289999999,-675.392029,15400.0,2520.0,2800.0
4.706490242876214,5.766069768117346,8.956035513659916,8.99769347043429,6.275792601529492,5.5538203123831495,5.583104886711321,,8.453670319233499,6.041800097294166,,4.693619466462031,9.338851817039584,6.860131988270272,,5.361288934215324,62.952,-733.952026,-677.343994,15820.0,2660.0,2800.0
4.763489509579899,5.8186887351875685,8.997572557276914,9.043957890156614,6.280680586889822,5.56726067403881,5.59214642612568,,8.579353691231887,6.052276626591311,,4.689807968335177,9.33007174803896,6.866422395165397,,5.398210794741592,68.32,-735.903992,-671.488037,16520.0,2520.0,2940.0
4.841034504106209,5.868034375739645,8.986727547675008,9.077431919792302,6.326557087160878,5.700788796382078,5.716680348132592,,8.555288499022337,6.016841515556864,,4.693234544144733,9.202847056336443,6.846821175568299,,5.456812932367102,66.368004,-734.440002,-677.832031,16660.0,2240.0,3220.0
4.864082193222385,5.844955808842261,8.961220058398249,9.05210675266736,6.359629707975772,5.80133073059269,5.810926988112036,,8.50377605563836,5.942220578573555,,4.696071980276333,9.078536304185967,6.81912192764111,,5.499785535670287,65.879997,-732.9760129999999,-676.367981,16660.0,2100.0,3080.0
4.813150227681047,5.789796800336588,8.94106114144366,8.950641657019997,6.365404628615728,5.77384095733605,5.779156004767469,,8.480475957697005,5.880091179336265,,4.673372412926046,9.031575850624703,6.78493852358111,,5.480195510122674,65.879997,-731.023987,-673.440002,16240.0,2380.0,3080.0
4.541584335035216,5.455007204807803,8.790030832625336,8.73950850512333,6.176559634360453,5.50617332272887,5.504747955248736,,8.370992002981877,5.702817753594676,,4.531888577491886,8.928258015240047,6.58316783611226,,5.329457137995605,66.368004,-728.583984,-673.440002,16100.0,2380.0,3220.0
4.433962119073054,5.5416949347792706,9.025701630854623,9.148897256559039,6.215041531546994,5.430191625534181,5.433092996925385,,8.92927985825584,6.120293165739545,,4.479682287063364,9.504165731348731,6.858790257621823,,5.226341375147228,62.952,-730.536011,-670.023987,15680.0,2240.0,3360.0
4.468845242972505,5.7318697708108015,9.21814758549758,9.57649269535527,6.327589003696628,5.466935715552139,5.468505251928542,,9.480126042576956,6.589020120462369,,4.526694013670246,10.111073402558116,7.270757761429714,,5.241964354490046,63.440002,-731.023987,-671.976013,15120.0,2100.0,3220.0
4.497174766001673,5.912351821751721,9.476214075008771,10.02481379451663,6.444508011552028,5.505625917999713,5.507881132082814,,9.940575266971086,6.965977125867473,,4.549724072164087,10.555686992534964,7.5597989957803655,,5.261689184141672,60.512001,-730.048035,-672.463989,14840.0,1960.0,2940.0
4.8646101754565265,6.41511602636225,9.977954984383476,10.439798890349486,6.851874264052857,5.7684040968818735,5.756563883530808,,10.609227893377732,7.644528490023127,,4.861104797217055,11.355221701980643,8.235220447485174,,5.783001214396959,61.976002,-731.023987,-671.488037,14280.0,2100.0,2800.0
5.068157630360129,6.573740806105009,10.144558802279104,10.484639645566483,6.916413848433399,5.825122951843025,5.8157115928078325,,10.93113997319333,7.915550978443006,,4.886013215078273,12.04861893425081,8.804781860228935,,6.1809375480455575,60.512001,-730.048035,-671.976013,13580.0,2100.0,2520.0
5.303858582210408,6.863490642339557,10.45212511571739,10.777963407924982,7.077108174247559,5.943908724089753,5.926735940573718,,11.313827347109864,8.262014576845758,,4.906774176486263,12.47445115064571,9.2550182820324,,6.450494423096167,58.072002,-729.5599979999998,-668.072021,13160.0,2240.0,2240.0
5.375998857942389,7.0005260058478855,10.565998473379155,10.997743903625805,7.101751868245312,5.941048179726985,5.918745469103505,,11.312889874595983,8.369565191467201,,4.7944965526449534,11.909481249267866,9.097831629479066,,6.442874284721015,62.952,-734.440002,-670.512024,12180.0,2520.0,1960.0
5.371345169915042,6.967388564585348,10.524342810559226,10.924240334968662,7.126173243141756,5.994394935777795,5.974321561096589,,11.099147888737056,8.304339047921212,,4.787398761780521,11.599856379476284,8.993059497498294,,6.535471217535933,61.487999,-729.5599979999998,-675.392029,11620.0,2520.0,1680.0
5.311989126511985,6.945638829205223,10.613179074527064,11.005688816752496,7.147655340292378,6.017393200861746,6.014625516437929,,11.158636273520507,8.32442969014371,,4.7975108210864,11.642258561872616,8.996978403725695,,6.550714725282694,60.512001,-732.4880369999998,-672.463989,11620.0,2380.0,1820.0
5.304234198752485,7.045580212887676,10.791737343798545,11.127561366543816,7.248797484408843,6.115534106072893,6.114100804030301,,11.274513592487523,8.44301172774978,,4.888273410943077,11.845174794154516,9.17493102523338,,6.548786179135579,59.048,-730.536011,-669.536011,11900.0,2100.0,1680.0
5.239043377781572,7.122015676608163,10.985439653480796,11.29735963645264,7.119263658187588,5.930535557341872,5.9210646137695155,,11.683087222168085,8.79928563833813,,4.849454829461361,12.274136818016752,9.545026053636555,,6.489960766096021,61.487999,-732.4880369999998,-670.023987,11760.0,2380.0,1820.0
5.516550020960048,7.704540379539711,11.62764253081958,11.817902344539307,7.27764810034606,5.953124416173057,5.92874839959175,,12.699284344817855,9.908984280204173,,5.179632502587603,13.2827131201869,10.52037240962315,,6.866155959737656,62.952,-731.512024,-666.608032,11060.0,2100.0,1540.0
5.939695422035799,8.237192998825574,12.01353315331717,12.00676048479982,7.5639539012317565,6.120513912428962,6.088706118784628,,13.439206357309684,10.815357821676075,,5.604398614024608,14.507827282169846,11.684733184542624,,7.64670917065557,61.976002,-731.512024,-668.559998,10360.0,1820.0,1400.0
5.9923995903405425,8.290335705593199,12.069550971393173,12.141828214704073,7.5771536198037035,6.1159674127315355,6.08636406906204,,13.647518401423113,10.959439564700467,,5.6033880355022445,15.047384992769013,12.058702136833032,,7.743285196193499,62.464001,-728.096008,-663.192017,10360.0,1680.0,1400.0
6.0034640515142135,8.484394474512124,12.301048545447681,12.607279153351916,7.635641007144899,6.1023943382736325,6.067030302838544,,13.939717617912438,11.08661129786453,,5.513498576729262,15.312509621265361,12.145669794737334,,7.71522599781706,59.048,-727.608032,-666.119995,9800.0,1540.0,1260.0
6.0932628138016325,8.626720611442913,12.470342880145878,12.873840968781767,7.727319172110804,6.139191400017469,6.104187518900626,,14.094321952114207,11.14719564720389,,5.509862956566888,15.449433949592029,12.243553335792779,,7.7486565412761745,64.416,-730.536011,-666.608032,9100.0,1260.0,1260.0
6.14716212697376,8.645723817477089,12.526270041798961,12.927105943880669,7.750258388460278,6.134393592492152,6.097466807392216,,14.12934108643893,11.155635469685656,,5.469219755015285,15.456201521666577,12.275843823123225,,7.792012757100037,61.487999,-729.0720209999998,-664.656006,8260.0,1120.0,1120.0
6.251878914693476,8.673785611552647,12.48917753707033,12.90695275098378,7.763927800482566,6.135191198969925,6.096231418446285,,14.051263600688673,11.12225014605317,,5.420519029330137,15.293586587925441,12.194249623898354,,7.8438590702141955,62.464001,-731.023987,-665.143982,7700.0,1260.0,840.0
6.156236144899804,8.585119134158832,12.355787033082517,12.830596239125015,7.671403709940179,6.046942702506329,6.005647679928289,,13.945036305122018,11.03581675455242,,5.153655087847786,15.161496228270984,12.098361492028788,,7.738563037196644,57.096001,-732.9760129999999,-664.656006,6300.0,980.0,560.0
6.074543787658426,8.512543416829791,12.256939107990943,12.825182426396346,7.537323076602132,5.900009044641019,5.863768795604691,,13.912450053229389,11.00605624808382,,4.924825612039301,15.134003626506475,12.086273776971955,,7.648283352153469,59.535999,-737.367981,-661.23999,5320.0,980.0,140.0
6.103087272302195,8.64454415727032,12.418081289848956,13.052869055216673,7.560218722340511,5.919423727631085,5.8856908475409275,,14.160477313135997,11.12827542783354,,4.972164206466657,15.422939099823969,12.240296159497259,,7.655694653756063,61.0,-736.3920289999999,-668.559998,4620.0,1260.0,0.0
6.183298807248862,8.848846308994537,12.68989266748671,13.328436630029866,7.5670642121087415,5.903186742329765,5.870069354283359,,14.780437255208208,11.555682195383588,,5.0307067202755125,16.10251117573866,12.663805544343308,,7.712174697875525,61.487999,-737.8560179999998,-668.559998,3920.0,1540.0,-280.0
6.169656308903526,8.840038770840398,12.712583662698156,13.351367210252201,7.494573339802503,5.870289757353422,5.84140293048699,,14.926717989165144,11.612082741527288,,4.995935012483416,16.315069177559348,12.798249572690843,,7.67710840542337,60.024002,-738.832031,-667.583984,3920.0,1820.0,-280.0
6.336289180886778,8.976626599022682,12.911373503427896,13.51862446547073,7.684557879373869,5.907191637047131,5.869474327288412,,15.202293384043214,11.793946361382307,,5.014768011375679,16.6092534528326,13.017487882947476,,7.760901276864194,61.976002,-737.367981,-672.463989,3640.0,1820.0,-420.0
6.518954765909472,9.092335952247922,13.079374267177016,13.694148172731476,7.816379139989769,5.924434747769032,5.8754715362128715,,15.43621414207845,11.984151216472403,,5.015658915024226,16.80924818525993,13.186943375427504,,7.872301330851174,59.535999,-737.367981,-671.0,3640.0,2100.0,-420.0
6.684720318502557,9.055672559469368,12.885055415369441,13.491511557396665,7.839749969151523,5.950967872288589,5.9101472871165885,,15.331758080379343,12.001969297330874,,5.032083567464364,16.78681637753325,13.197325983913204,,8.058468186915235,60.512001,-736.3920289999999,-671.976013,3640.0,1820.0,-420.0
6.764135537054076,9.047222367813282,12.798791255555654,13.467048738345339,7.848861566949462,5.952109380658828,5.9163812079405504,,15.339442106599211,12.022462783209882,,5.021777509998963,16.82603450128817,13.24045673071596,,8.13357206964835,62.952,-734.927979,-675.880005,4060.0,2240.0,-420.0
6.783921200165298,9.048694456503295,12.773614083630077,13.462146613790265,7.836546067143361,5.952734776862527,5.9166740801509485,,15.336673797083188,12.022844853664933,,5.055615710485204,16.82292706110578,13.241582103032519,,8.127941696109122,60.512001,-735.903992,-672.463989,4200.0,2380.0,-560.0
6.697192023848215,9.04664929706007,12.68269089275251,13.478264341563849,7.628024799592225,5.87886017051056,5.853565245092957,,15.333975233522052,11.98758545989691,,4.932049316129365,16.86800237649845,13.24471903010679,,7.879818796792161,61.0,-736.880005,-676.856018,4620.0,2240.0,-560.0
6.696285961583127,9.047214249131889,12.679656115610527,13.456870112499487,7.57609320366727,5.87564725191579,5.849718492621269,,15.283655627822442,11.984893248443761,,4.930969484361248,16.95426934929774,13.286803954756284,,7.845124701391903,61.0,-735.416016,-674.903992,4620.0,2100.0,-700.0
6.683992738283817,9.012704149899424,12.683958174545882,13.448203588836538,7.577778130221975,5.857127673722821,5.834965592985427,,15.222334513045034,11.994760113429447,,4.933490177099107,16.955052007066826,13.284715665549067,,7.851842311448383,61.0,-736.3920289999999,-678.807983,4760.0,2380.0,-980.0
6.691008040074303,9.017247139907212,12.671257931516909,13.474066812199629,7.5642127223120035,5.877288470061854,5.859110125740669,,15.22474385285853,11.997550807419842,,4.882178480527609,16.955878869322586,13.284206219320696,,7.84243378934285,59.048,-737.8560179999998,-682.223999,5460.0,2240.0,-1120.0
6.809299736763482,9.157001882472523,12.899101534870322,13.713073594576851,7.628681010251935,5.940767775130063,5.926956317520838,,15.329611799010353,12.126395250204952,,4.88925341639728,16.97394681131223,13.297881191447706,,7.855730309402684,63.928001,-735.903992,-679.296021,5740.0,1820.0,-1260.0
6.83231133615774,9.157812945416243,12.89160886317607,13.712742356902798,7.564109405600936,5.910848826793264,5.89786033243914,,15.34113045886894,12.12836932249039,,4.89394234650677,16.988589465721184,13.309132685299819,,7.854148287172375,63.440002,-737.367981,-683.687988,6720.0,1820.0,-1400.0
6.8500100742758345,9.16843515976761,12.810244036833689,13.747731972594906,7.465186906416443,5.87807418538613,5.861233855999741,,15.364732400582533,12.106223451554511,,4.88172660032809,16.973965145134347,13.299513841577756,,7.8491242979437095,64.903999,-737.8560179999998,-679.296021,7140.0,1820.0,-1540.0
6.8560459432211855,9.23812687364545,12.69302847778647,13.743768033951737,7.479247215369509,5.987082429421641,5.962694512894288,,15.369321368418479,12.084265477067706,,4.984688316889161,17.01222023651148,13.276438280134567,,7.847673336680901,63.928001,-735.903992,-675.392029,8120.0,1820.0,-1680.0
6.803056421798564,9.226869822032745,12.148026891014009,13.712505680099438,7.344228265965293,5.975349487242168,5.954368635779523,,15.357941406807935,11.984716296330282,,5.063184954187595,16.950049736946514,13.242792253841666,,7.9815223439908785,65.879997,-737.8560179999998,-675.880005,8540.0,1820.0,-1680.0
6.854077895411264,9.257852666853642,11.655780668990264,14.016334473087365,7.478594727759621,6.029008170096978,6.021601627151106,,15.42186421164282,11.905928966385407,,4.997927643776701,16.944723266845028,13.239690120584767,,7.999240630155858,64.416,-738.3439939999998,-678.320007,9240.0,1960.0,-1820.0
7.025008193528817,9.338991399644536,11.876081061746836,14.13423051681903,7.474774925693917,5.729134238393547,5.739156895492568,,15.34786854821459,11.997633327307218,,5.174148666491087,16.89694844374884,13.264091007303294,,8.032962128882348,66.856003,-738.3439939999998,-678.320007,9520.0,2100.0,-1820.0
7.099712705858627,9.337420424225135,11.878768346605032,14.087742150150898,7.47257136903878,5.67326401278663,5.683749213406355,,15.305569986070925,12.045027535144902,,5.324501979166564,17.032443738975658,13.43384316479124,,8.253886987289642,66.368004,-739.807983,-676.367981,10220.0,2100.0,-1540.0
7.115187942449885,9.374260455183144,11.936206210830958,14.193575776469892,7.517719108207894,5.722271288143095,5.739122219369701,,15.311816951945646,12.069807886796063,,5.338137791611498,17.074178701170805,13.475632092310983,,8.27272238474651,66.856003,-739.807983,-674.416016,10780.0,2240.0,-1680.0
7.109723937335863,9.355982239049442,11.91094866520991,14.105986887257918,7.4784487571375,5.711615154231151,5.727978900087248,,15.418538127692816,12.082699645529205,,5.3388662123647865,17.304218516631295,13.619508996944448,,8.285843283287322,67.344002,-740.296021,-670.512024,11060.0,2240.0,-1260.0
7.065697718872825,9.337258006509767,11.95397983577723,14.00422184206725,7.395638393648001,5.621060419574079,5.6334146906836216,,15.443843982616754,12.089288967122368,,5.335154284089258,17.280680825983943,13.59862167879129,,8.261777731385223,69.784004,-740.296021,-674.416016,11200.0,2240.0,-1120.0
7.062161134586606,9.329444300650122,11.917478896297155,13.98435620492199,7.395674891218391,5.628984890922793,5.63690046806593,,15.4272388153114,12.11341915462925,,5.312837017015462,17.476798961526228,13.684159495371038,,8.263205208037638,68.807999,-740.783997,-671.0,11060.0,2380.0,-840.0
7.022743950929866,9.308405982826558,11.962668731227497,13.813803204639013,7.435055998250672,5.7966326625784275,5.797328141158056,,15.176237256276389,12.05227598492354,,5.3666424835453235,17.365144027543884,13.664954862421725,,8.32875826916738,70.760002,-735.903992,-672.952026,10780.0,2520.0,-700.0
6.993123232202792,9.3040014610416,11.930394848098649,13.8158744744249,7.426116005797625,5.768674585468941,5.766980581278144,,15.107373787937707,12.078270634576029,,5.377800813707424,17.459674895187135,13.803310016507538,,8.370813691263965,71.736,-735.903992,-670.023987,10640.0,2660.0,-420.0
6.966296989016935,9.309311057770865,11.928441298880996,13.837509004974777,7.427562681754899,5.63693983862532,5.645918662119782,,15.19412287673766,12.216427514972782,,5.3692238044055856,17.70549119240781,14.025676101749239,,8.374956402947854,72.71199799999998,-735.416016,-668.559998,10500.0,2800.0,-280.0
6.944804706774765,9.407331118467974,11.988226777560891,13.83736806529068,7.399260135962302,5.542867798131219,5.5566262034994045,,15.51587668963256,12.522513265111705,,5.482846207949717,18.042832870450884,14.284164913003139,,8.425450565627031,69.295998,-736.880005,-670.023987,9940.0,2660.0,0.0
6.9504516660570985,9.386411964079148,11.98713500421642,13.884460727614258,7.406214968858784,5.630434357269241,5.646153383133631,,15.513331795146613,12.525933106383263,,5.5641607359731795,18.05643119362149,14.31627561504885,,8.481249346452516,68.807999,-736.880005,-671.488037,9800.0,2660.0,140.0
6.970106585530099,9.397944108335087,12.05099576837964,13.879292844523016,7.379005695965532,5.692730997285876,5.6956552797583475,,15.545474415801987,12.518499907716038,,5.5444297522747785,18.03475404835094,14.28700169635536,,8.42283049231876,72.223999,-736.880005,-669.536011,9660.0,2520.0,420.0
6.985858730951486,9.313889716316899,11.947948977811713,13.488925440178674,7.17198201528829,5.521444741409871,5.5178189667813164,,15.457436593929177,12.48193502980712,,5.527536749824905,17.97566557624967,14.32530991318646,,8.444824869273335,73.200005,-734.440002,-670.023987,9660.0,2660.0,840.0
6.9666906540189215,9.227518296822982,11.835383659802792,13.18235616433217,7.095848355549032,5.507329868658146,5.495292630963254,,15.589534705769802,12.51778053492826,,5.506799182676938,18.54421997787247,14.790297134882529,,8.586414874460678,70.272003,-735.903992,-671.488037,9660.0,2520.0,1120.0
6.969754429824907,9.299190848501155,11.801315797219264,12.897353583665295,6.969017700104989,5.471147124499015,5.461057169590394,,16.001810931807277,12.769954158601077,,5.635602534163634,19.315159943848723,15.49132235287017,,8.882401245766513,70.760002,-737.367981,-677.832031,9800.0,2520.0,1260.0
6.8263746400826495,9.419760365573973,11.674051034617225,12.707763921522831,6.814417647029385,5.639979432729894,5.62428556920052,,15.942795240012416,12.62618762281561,,5.673757672458917,19.083751184687515,15.402505098322607,,8.71312995118709,69.784004,-738.3439939999998,-678.807983,10500.0,2800.0,1820.0
6.671293121965147,9.367438771075228,11.515234437207088,12.615140605101013,6.722644201194393,5.738755682458705,5.707851053850173,,15.71695283406309,12.444902942290717,,5.67696655876554,18.61297552527983,15.058781379356665,,8.43076671473908,72.71199799999998,-736.880005,-678.320007,10920.0,2940.0,1960.0
6.481118270779688,9.187942212252707,11.232693254649933,12.35190973089773,6.552078993863143,5.651967350897323,5.619635330058094,,15.474061965261606,12.243627893355573,,5.649393646582152,18.294951287190532,14.767711336934966,,8.192328818454563,68.807999,-735.903992,-675.392029,11620.0,2800.0,2380.0
6.447769205285925,9.102430094582713,11.261229331955969,12.709658410104657,6.548435625890434,5.641246338042528,5.606743940955083,,15.397294693775905,12.11373041775121,,5.641341637736348,18.2155673431137,14.639681447322703,,8.105688265446494,69.784004,-737.8560179999998,-680.76001,12460.0,3080.0,2800.0
6.582172060257303,9.254610832226751,11.613673680002517,13.500134819656543,6.567971243687239,5.591350236134168,5.55121991956929,,15.536266975776792,12.143349915742451,,5.637558149861379,18.308622658932922,14.728761783449958,,8.284562247780421,66.856003,-735.903992,-681.247986,13440.0,3220.0,2940.0
6.602758473918639,9.223280168410687,11.504328538926066,13.38076036956211,6.587325247656184,5.71030713637902,5.657885594861741,,15.600560845796458,12.189244747608633,,5.624196432695502,18.318842462412576,14.771655327506329,,8.252662487069811,68.32,-739.807983,-682.223999,14560.0,3360.0,3220.0
6.591072328070206,9.229012149233528,11.543351969543558,13.685257862370086,6.610094364521143,5.685328811870822,5.6424526819581375,,15.485459809254376,12.080169358918555,,5.562934432233832,18.26458356262733,14.772984933532483,,8.302852657021104,66.856003,-736.880005,-681.736023,15820.0,3640.0,3360.0
6.585572331351595,9.182014671196141,11.508528422857296,13.740284803525306,6.605162358952937,5.681743567917439,5.639486453939473,,15.560502169988077,12.188251840669832,,5.57926698342368,18.273141889154793,14.651825491666344,,8.378878766802535,66.368004,-738.3439939999998,-685.640015,17220.0,4060.0,3640.0
6.385753642829904,8.770681816139476,10.891877276817807,13.232433251582504,6.395186576389972,5.687881590339904,5.663476547820634,,14.765681417075628,11.334980719853826,,5.275993784945344,17.71253231047058,13.997485295519937,,8.072231484356099,65.879997,-738.832031,-685.151978,18760.0,4340.0,3920.0
6.218839048966182,8.439982036401544,10.608782490973166,12.948695660822557,6.04276018892988,5.58337177572049,5.573991742855274,,14.23735819468372,10.703155499782325,,5.109533804190655,16.873707232747833,13.309721896786105,,7.623446306153034,68.807999,-736.880005,-686.127991,19880.0,4900.0,3920.0
6.20786659131418,8.390415240308442,10.530263323499003,13.048418949502045,6.111666520592779,5.587972182414869,5.579261385385176,,13.998150183785159,10.537163690941762,,5.153885810916738,16.588570064594652,13.150750721925794,,7.644617611911486,65.879997,-735.903992,-690.031982,21000.0,5600.0,4060.0
6.130660118529829,8.232069599622374,10.203990523030168,12.579859915480169,6.023152169533273,5.542180786020076,5.532581749588768,,13.81352883329298,10.457769289741918,,5.150009923037156,16.96985236935675,13.306874316019773,,7.683829388909753,65.879997,-734.440002,-689.544006,22260.0,6720.0,4200.0
6.048459487488476,8.078008912525414,10.103232464196813,12.401409288230456,5.928138151134672,5.613558518569583,5.605898893130195,,14.062062636884702,10.67769214897662,,5.186242873469114,17.84985897702392,13.772394347228008,,7.79130997342864,67.344002,-734.440002,-690.031982,24080.0,8120.0,4480.0
6.1784115801000015,8.298559430032006,10.459943258535287,12.652699541734282,6.296076511699124,6.165667975043398,6.142034765361702,,14.442485794618127,11.115243662339353,,5.350077959565111,18.576984409856458,14.359610169305117,,8.154874939390353,67.832001,-736.3920289999999,-689.05603,26040.0,9800.0,4760.0
6.067630206076134,8.450194396696853,10.790148036692942,13.067948970823913,6.377907933563861,6.303434319980646,6.276107435482307,,14.646737384120168,11.319045093236607,,5.34462849485873,18.814406355828613,14.52524023528421,,8.112112076434704,69.784004,-735.416016,-688.567993,27160.0,11200.0,4900.0
6.128884655505828,8.555950557530895,11.032365427034982,13.678395621826521,6.396885018714356,6.300272502261356,6.275423878186562,,14.763113221943007,11.355441361042882,,5.476876840166784,18.82433977962015,14.491618259801585,,8.094040175492614,69.295998,-735.416016,-689.544006,28420.0,12180.0,5180.0
6.123994061674911,8.900496761894939,11.37741112528348,14.241922916419325,6.766137185052979,6.57438823090577,6.5442925640397265,,14.893916514647222,11.394130503100879,,5.477401329607663,18.825705545000254,14.521432256837132,,8.085891793614104,68.32,-736.3920289999999,-688.080017,29120.0,12880.0,5180.0
6.110090671168365,8.867006958951707,11.210104552372226,14.05860448327365,6.9523962162252655,6.664537904126786,6.629993140954176,,14.703451780315355,11.345694713319414,,5.445796558641593,19.324321737713205,15.006558549163625,,8.246435823569254,68.807999,-731.512024,-689.544006,30240.0,13300.0,5320.0
6.09209782475681,8.664264915705571,11.073010149462785,14.150641698094768,6.959200986704404,6.668871670899009,6.633533986286939,,14.68500976605623,11.435765635869705,,5.448691482663882,20.56210067948337,15.96755778609702,,8.491197842643214,73.200005,-730.048035,-686.616028,31360.0,13020.0,5600.0
6.272433221515236,8.774220623712113,11.549003150528305,15.51246560572679,7.1683021995108795,7.052426142982816,7.02831231216567,,14.553965144275766,11.372453679097193,,5.452982404058826,20.45110597428514,15.933215658635714,,8.500504311467225,68.807999,-726.632019,-687.104004,31360.0,13020.0,5600.0
6.717455456157739,9.380163421671488,12.84304806975218,18.386710836745316,8.551700308490036,8.947711563727237,8.946424717102104,,14.309462856787679,11.226429742428506,,5.436926802947179,20.851607887905864,16.10161326460646,,8.750129076513172,68.32,-723.216003,-687.59198,31360.0,12460.0,5600.0
7.373771445823881,10.507679284649369,14.64847852555116,21.002658967174224,9.63428586269174,10.416363978600364,10.416741005370408,,14.260969866624817,11.22261889677843,,5.475034960817762,20.676277325118374,15.927480014557855,,8.662540849062678,68.807999,-721.264038,-688.080017,31080.0,12040.0,5600.0
7.2746603950950215,10.6874759003633,14.691004622120165,20.923541840153558,9.591283293296245,10.49888214981002,10.498252098915689,,14.530364679784267,11.673665144342161,,5.74297636817797,20.83136577782765,16.103882645626026,,8.807750613816676,72.71199799999998,-724.1920169999999,-686.127991,30520.0,11340.0,5460.0
7.496500534566792,10.774638403614938,14.935004232147163,21.408455325455982,9.924197393578009,10.679372354703858,10.683828863107669,,14.508415541847846,11.644866863764081,,5.770878012363917,20.865175957758336,16.109562270299264,,8.732022445556973,66.368004,-724.6799929999999,-684.664001,30100.0,10640.0,5180.0
7.698626004257053,10.870710064227827,15.069433428316858,21.607875368427763,10.145434461552277,10.836796196861902,10.854727565695267,,14.53638247300589,11.642338414738123,,5.826100263788249,20.991748004038172,16.123898952049515,,8.773688437509588,69.784004,-726.143982,-681.736023,29120.0,10080.0,4900.0
7.744682671392003,10.928697814590583,15.124867696169025,21.763894356833696,10.297007300989314,11.006557105090419,11.02081326655113,,14.730061521678172,11.709170175599063,,5.829839575554742,21.472793737585974,16.276430192145767,,8.817655775181697,71.736,-728.096008,-677.343994,28980.0,9800.0,4760.0
7.794978376045614,11.12522508945994,15.368730084218257,22.117855440195978,10.576958776732965,11.362997199700253,11.36777516271838,,14.696489425796024,11.703104869753684,,5.8332987683806605,21.395701319039926,16.243854809164095,,8.81748261598878,72.223999,-730.048035,-678.320007,29400.0,9660.0,4760.0
7.802772671374396,11.136171750460862,15.429189843506345,22.293221536695153,10.593921321560629,11.427507164809233,11.435752628555104,,14.685142149401555,11.68716864574194,,5.906392967475113,21.389863724017044,16.240819537211536,,8.879415271783879,69.295998,-728.096008,-674.416016,29680.0,10080.0,4620.0
7.807581908753094,11.129708838945781,15.394642699590179,22.271080689011864,10.588834860864996,11.443728316709844,11.448659060430463,,14.705401245616422,11.684653645843028,,5.941858730147163,21.389134274109104,16.240808758906212,,8.901362231594078,71.736,-730.048035,-674.416016,29960.0,10640.0,4480.0
7.706253870244928,11.051864152218922,15.216242854871146,22.152381506948064,10.565982009655809,11.479205816389072,11.480336285971031,,14.616738295310334,11.599335379271233,,5.933657695447428,21.448987878583992,16.27794624243338,,8.91665515777638,72.223999,-726.632019,-675.392029,29680.0,10780.0,4480.0
7.686091188661654,11.092289894432307,15.271617167084939,22.27025960825237,10.57534083040811,11.53234549155156,11.536040044039858,,14.718877717475586,11.720298230275363,,5.937390552463363,21.581599652427126,16.331785983060843,,8.943132599035806,75.152,-728.096008,-674.903992,28700.0,10920.0,4340.0
7.681471816240981,11.086921815936648,15.2827873894556,22.3008001519572,10.584612213232123,11.534696763037314,11.539388141536998,,14.878223645337735,11.880727894828729,,5.95331079371547,21.902531365265595,16.442167324706173,,8.954919289798257,71.248001,-727.119995,-673.927979,28140.0,10360.0,4060.0
7.674964152701441,11.023973642231251,15.271745244578062,22.30729800035881,10.70707326303488,11.53134645258114,11.54055292791368,,15.003132296268111,11.973637421798344,,5.850508663127878,22.028501710713645,16.481175885274716,,8.941820754345118,76.61599699999998,-727.608032,-670.512024,27580.0,9800.0,3920.0
7.676788510168814,11.007604878391513,15.298790295409901,22.299948525217477,10.79283934248622,11.546271073637909,11.557960057035153,,15.028067253331717,12.016240494593708,,5.6916059279508495,22.07413480476072,16.4978573734767,,8.78761395207458,75.639999,-727.119995,-668.072021,27160.0,9380.0,3780.0
7.591285332827337,10.956052521928973,15.20837988519715,22.10466983065055,10.761665684061704,11.563495567244786,11.56901568674293,,14.975070751404123,12.04708857128795,,5.739004607931072,22.119496271218715,16.558558366239144,,8.827861035163048,77.592003,-728.096008,-669.048035,25480.0,8960.0,3500.0
7.316120844152502,10.767176689012757,15.107354225623554,21.95820111168885,10.673116519614002,11.54852265967017,11.549658930596275,,14.77007178795959,11.883216959103786,,5.520663521545218,22.087343825188835,16.52236345162894,,8.757480304283678,75.639999,-736.3920289999999,-669.536011,24080.0,7980.0,2940.0
7.2723401007664865,10.736120468126389,15.105335397512802,21.97183988478967,10.68341074245839,11.567448065554997,11.567579273060867,,14.754854855560545,11.853557580188172,,5.41373012262673,22.14182583057847,16.437832340187605,,8.558755996257721,77.104004,-741.2720339999998,-663.679993,24360.0,7980.0,3080.0
7.274709363120676,10.703486429694834,15.033809095723656,21.876238823053832,10.676863988397406,11.56191261034387,11.561369365617614,,15.047436102627174,12.111742849251348,,5.392231950487623,22.873553855866987,16.77296417536848,,8.611991406948755,74.17600299999998,-741.2720339999998,-659.776001,25340.0,7140.0,3640.0
7.343992122024526,10.691776478957031,15.021942214798438,21.894676922760663,10.680136937556282,11.567669157868393,11.567786645222943,,14.971859584443868,12.148587840213672,,5.429405093263913,22.829764439987173,16.70882204326844,,8.599408915519353,75.639999,-748.59198,-657.824036,24920.0,6300.0,4060.0
7.437726517098102,10.673738152283114,14.986721918458196,21.920343833862983,10.790995343715286,11.60645995386973,11.60696408110543,,14.892817262949306,12.099016821939145,,5.464091080252079,22.84776285614754,16.70860012235244,,8.613809036029727,76.127998,-752.984009,-656.359985,24080.0,6300.0,4340.0
7.437884929831623,10.832604330597798,15.103374588005785,22.114009403141218,11.22711989409636,11.86608201197343,11.868231197871197,,14.86676250121088,12.07037180180907,,5.457177290260883,22.794994824608537,16.704756131656755,,8.623440238186884,73.200005,-755.9119869999998,-652.455994,24220.0,6860.0,4620.0
7.465565447850485,10.762843282061583,15.070719593283414,22.125974212932935,11.300580575704215,11.87094092185384,11.872896319033911,,15.03034506376285,12.134941232906572,,5.401133671433665,23.078971025680882,16.855276995087614,,8.570410040527365,72.71199799999998,-764.2080079999998,-654.40802,24780.0,7560.0,4900.0
7.579641661692311,10.748306582133615,15.090601069509516,22.146170000554868,11.302270460018278,11.89949971602177,11.901136939672051,,15.023592008666737,12.097346247153562,,5.4595467754085,22.987599516753136,16.735576887535444,,8.516488278672902,72.223999,-766.64801,-651.968018,24920.0,8540.0,5320.0
7.831717672794757,10.713046931809439,15.226277296535313,22.30698202903444,11.346270485936207,11.901154391771943,11.902627392543423,,14.941104189355187,11.968056535661807,,5.469002010174196,22.794553410102097,16.547858396747728,,8.474895262426385,70.272003,-766.160034,-649.039978,24920.0,9380.0,5460.0
8.011388232547068,10.622719873068137,15.358695848061117,22.4732077260815,11.565686656404214,11.89654753727246,11.898336794547092,,14.609795954271902,11.649602055902971,,5.451781584508564,22.59760837881267,16.37326538801698,,8.416615325769811,65.879997,-771.0400389999999,-647.575989,25200.0,9940.0,5460.0
8.101291028527426,10.670867855395311,15.351903812604833,22.426619489056783,11.651841584272711,11.856093728621579,11.856302342795017,,14.709598365412228,11.717535119482081,,5.554550420288105,22.788369567326065,16.5051533693629,,8.379423396744594,66.368004,-772.9920039999998,-645.135986,24920.0,10500.0,5600.0
8.13781397670768,10.712646370730893,15.301197890567604,22.39541293938211,11.677224943669394,11.810197706268612,11.816730322716271,,14.686180555490907,11.71334675291776,,5.584761708973051,22.786619486394404,16.516245429311486,,8.326080148460395,64.903999,-773.968018,-645.624023,24500.0,10780.0,5320.0
10.508573027238786,10.637908914912373,15.248103611685831,22.415185401150254,11.72098724569177,11.810142839720234,11.818680068326723,,14.608375927940966,11.63697919979391,,5.785478380730028,22.759060936070448,16.584251499584287,,8.504808194374135,67.344002,-778.848022,-644.160034,24220.0,10220.0,4760.0
11.904400836093991,10.687826257151707,15.222922914425688,22.50136181711309,11.805215445277492,11.859825033323048,11.881455465065622,,14.134957698785714,11.338681283391072,,5.769810615057557,22.023705988284267,15.999712228600787,,8.349545686459606,63.928001,-772.9920039999998,-638.304016,25060.0,9240.0,4760.0
12.158332868445385,10.514800705826838,15.124708489635893,22.548631532562545,11.846349038262517,11.875150980770314,11.893405356045871,,13.390215788692386,10.88553084387371,,5.660469582643076,21.342135276586973,15.343122460809166,,8.071684866360028,64.416,-766.64801,-636.840027,26180.0,8960.0,4900.0
12.14240986221841,10.094416206331584,14.98948185727089,22.52707215501154,11.778223271413266,11.70114739437291,11.726437336390196,,12.940685222921605,10.589314787000689,,5.361699131817014,21.143318120265203,15.099602814526005,,7.885624662810877,62.464001,-773.4799799999998,-639.280029,25060.0,8960.0,4480.0
12.21750716768142,10.012450170470586,15.045039845804848,22.535617799280626,11.780794058575495,11.600940825920079,11.632627524916089,,12.917373585145366,10.594527254297319,,5.290542439656703,21.145411943904342,15.093465507437857,,7.869420041270024,58.072002,-765.671997,-641.231995,24640.0,8960.0,4620.0
12.222243663178364,9.989114088019933,15.050767182531557,22.52919194518723,11.801096798142757,11.573937575149962,11.608351573468425,,12.904921285384837,10.564179715520488,,5.249516714314152,21.18285974754883,15.095601065046257,,7.861389985797593,60.024002,-764.6959839999998,-640.744019,25620.0,9660.0,4760.0
12.2268887625593,10.07475919233357,14.966146884861935,22.286652047086758,11.794170013909222,11.603470494039552,11.637209799945825,,12.898384041626402,10.605438841242504,,5.281214814192036,21.251293302376762,15.109679383463966,,7.796496385389442,58.560001,-765.671997,-644.64801,25620.0,10220.0,5040.0
12.330328756115327,10.41097523557172,15.18307983010772,22.344829942820898,11.898485076743468,11.77642212827657,11.804361727752255,,13.26947050905305,11.038836221640578,,5.467755776229074,21.418562673507807,15.130467722588367,,7.5735377759261295,56.608002,-762.744019,-648.064026,25480.0,10360.0,4760.0
12.730551813290662,10.991327663038078,15.900989081459018,22.96239415257356,11.960660028296196,11.837004213375844,11.865019826820385,,14.197849435500858,11.968250336663562,,5.84618935626387,21.826598282169705,15.51740746049642,,7.8500588761362655,58.560001,-759.8159789999999,-646.112,25480.0,9800.0,4900.0
12.98920450849735,11.02664723805679,15.877434505288436,22.818303718501827,11.925299262139518,11.870687164322177,11.888796538962632,,14.418361812054306,12.258716497176318,,6.0402234288551435,21.88070587959192,15.614611721330522,,8.079849703471316,57.096001,-757.376038,-648.552002,25340.0,9380.0,4900.0
13.01691175777742,11.08986646150904,15.889541424079232,22.704416973919134,11.91914906148775,11.908313084424389,11.924906328687065,,14.272267782764606,12.091288842870446,,5.993831192597222,21.6572405527328,15.480376866376904,,8.015282612355257,58.560001,-754.9360349999998,-646.112,25060.0,9100.0,4760.0
13.003202617488446,11.187045666552205,15.97940816970562,22.693106333341543,11.916800783380394,11.881750175053542,11.890182721009188,,14.438888594587688,12.35884086310172,,6.098483205073261,21.573288872522017,15.48359910322827,,8.012439192907783,56.608002,-752.496033,-648.064026,24500.0,9100.0,4480.0
12.919502594325007,11.468105613119457,16.357958647421178,23.022722215684848,11.947940984695096,11.846471013013195,11.855072928764493,,15.102612356129697,12.888017344933434,,6.064121166900136,21.826065438607884,15.505609309924363,,7.742487429264447,58.072002,-754.447998,-645.135986,23800.0,8680.0,4340.0
12.971873906565293,12.011406310284883,17.101342889344902,23.622629406781346,11.9999036119818,11.896315964199918,11.909932644015145,,16.012167420613522,13.69957790823428,,6.168300494467316,21.99860775093642,15.558736286215952,,7.614050937888656,58.560001,-753.471985,-644.64801,22680.0,8260.0,4060.0
12.982512533208672,12.157370176810463,17.342407017852604,24.093167375937103,11.980091877409698,11.905150436091589,11.917469223640481,,16.26224582919957,13.906746030996056,,6.167140940190003,21.539053263278348,15.291244902571842,,7.624642630840212,58.560001,-757.376038,-640.255981,21420.0,8120.0,3780.0
13.054350311345189,12.372523400475028,17.534279657894633,24.582759389787345,11.99871119369699,11.934557429604771,11.94196393368124,,16.60350559521981,14.11903797969016,,6.229909927870305,21.344239891732663,15.12096161585005,,7.584361655733622,58.560001,-752.984009,-641.231995,19320.0,7700.0,3360.0
12.965495280842129,12.20384743363072,17.290855305868273,24.457255768686156,11.826213924712517,11.659304422328223,11.675844356967083,,16.42470086816319,13.859010031223272,,6.143902942603446,21.338020626429888,15.101850524201605,,7.718879006665072,58.560001,-757.376038,-638.304016,17920.0,7560.0,3080.0
13.091117632662659,12.224834755284181,17.23870193149899,24.221692221231077,11.791645305986382,11.581199920617193,11.599729674344715,,16.26957336076108,13.757821614027257,,6.157761254374414,21.141238866168354,14.988471840061246,,7.865693114658128,58.560001,-754.447998,-637.815979,16800.0,7560.0,2800.0
13.255092148496118,12.351319260291154,17.261871830489408,23.885807458759682,11.798550968299866,11.659284700164756,11.67682387065867,,16.340791284645952,14.071260049433038,,6.084058153456519,21.12253770155062,15.029339505899872,,8.017850998684219,57.584,-760.304016,-639.768005,15680.0,8120.0,2520.0
13.29136208757422,12.129084452475075,17.037631687230796,23.6810644690192,11.60980394065679,11.527296335808723,11.54847442522376,,16.32829704331144,14.032095332202529,,6.090005514120085,21.432834071474918,15.190565482896929,,8.087247274158711,58.560001,-758.35199,-636.840027,14980.0,8260.0,2380.0
13.28829695023853,12.147822955682862,17.315053972988586,24.243748958035045,11.499329250788744,11.469363631440872,11.49116271352205,,16.49516681396976,14.06797998468182,,6.091933271570671,20.788953143901512,14.555548674926719,,7.986110705798653,60.024002,-757.864014,-634.400024,14000.0,8120.0,2240.0
13.313735412237296,12.495947663464497,17.85508420992294,25.234101528516927,11.483045719796365,11.486788577230872,11.51548157596514,,17.206034969536777,14.494406541214227,,6.181967572357579,20.14263343325347,14.092538497631566,,7.830578411914745,60.512001,-762.744019,-629.031982,13860.0,7980.0,1960.0
13.243807065114256,12.550580629679155,17.869042601145356,25.26375640991304,11.360577410231622,11.268134126632935,11.29278157928852,,18.43927781601924,15.225281909847677,,6.259593520987232,21.585671142093325,15.219572892278732,,8.102878426595707,62.464001,-758.35199,-627.567993,13440.0,7140.0,1820.0
12.950912791942713,12.002550195213267,16.842725504735917,23.437725329742268,10.23882174515274,9.80266198559053,9.81825463919496,,18.929963390027126,15.450242299089314,,6.249532716602899,21.746649618392393,15.41580015630046,,7.828310126972007,64.416,-822.768005,-623.176025,12460.0,6580.0,1260.0
12.49011601172735,10.92440900836291,15.09389136952361,21.025344159548162,9.08728913191893,8.171271771649746,8.193548321766247,,18.81624940794703,15.305576230626654,,6.182027820251669,21.873750401480883,15.567941657621539,,7.922056609631719,72.71199799999998,-815.9360349999998,-626.59198,13860.0,5180.0,840.0
12.436052250296827,10.73236275163751,14.960596714116392,20.989911416909326,9.077737564601989,8.039975450993449,8.057909851016035,,18.442386791120377,14.816356465867162,,5.897174512031123,21.57595593888736,15.240576527130516,,7.575003254679413,66.368004,-764.6959839999998,-633.911987,11060.0,4900.0,-420.0
12.260067860177344,10.67093436765294,14.737830289668585,20.50344170353317,8.732157257696114,7.824923997727138,7.834360797914634,,18.513271105143552,14.873928163145617,,5.95010655363122,21.830003044443995,15.496178470290355,,7.929841652457215,68.32,-761.280029,-630.984009,11200.0,4060.0,-280.0
12.14342749258136,10.609442456201037,14.673814059619183,20.346945737622946,8.470729620880725,7.604448218103216,7.595001712412557,,18.533344085051628,14.906171932682582,,5.87224124429843,21.71864238549489,15.482167100833271,,7.8792043772123606,66.368004,-752.984009,-631.471985,10360.0,2660.0,-700.0
12.215914188882063,10.82751504593062,15.30044424963177,20.956601690985096,8.209438596484084,7.295090885809335,7.2897865574424205,,19.13769881542394,15.364263116704896,,5.938638777948373,21.439439487102756,15.461873900495602,,7.829622800307303,73.200005,-756.400024,-630.007996,10220.0,1540.0,-840.0
12.222003178647421,10.67894364239908,15.198827077038896,20.92164988830837,7.864590080970833,6.769932747738453,6.779002241383823,,19.14764849325932,15.362124921249578,,5.955222171263921,21.551275010767082,15.561192720991183,,7.979972103374357,69.784004,-752.007996,-626.104004,9940.0,700.0,-1400.0
12.240406348451812,10.652627852126225,15.13694531032904,20.762114917883387,7.84896293618759,6.7051124040676955,6.715418621272916,,19.15485861144485,15.360262871180124,,5.88060152290893,21.550740289493447,15.561127938127077,,7.914263792976296,69.784004,-753.471985,-627.567993,9660.0,-1120.0,-1820.0
12.23336003890151,10.66576060966063,15.156575473265105,20.78058204715081,7.925981986303685,6.686987484965657,6.695135525092949,,19.15947513392003,15.38967829332593,,5.849915639962491,21.656989590883228,15.665451186092104,,8.033630006891862,70.272003,-752.007996,-624.640015,8540.0,-1120.0,-2100.0
12.248322060776342,10.730298993905079,15.276704829450571,20.827443587152175,8.165024176048737,6.713293011145385,6.7241190920233604,,19.144553802503758,15.366730552470349,,5.8562313885962896,21.7738102200586,15.944826667309869,,8.425619005148345,66.856003,-750.5440059999999,-623.664001,7280.0,-2240.0,-2800.0
12.252877092256325,10.684916445033927,15.22952913612716,20.704703917354323,8.186311533319026,6.6456254122719445,6.65673402246835,,19.05887606128919,15.293880835774996,,5.856694754525637,21.71363507720776,16.07027148485001,,8.435059927420971,71.736,-754.447998,-622.200012,5600.0,-3360.0,-3080.0
12.247358542537837,10.680712356310703,15.224182069437049,20.677149595022176,8.215759125747892,6.686726356363432,6.693210762241532,,19.104456024055008,15.387663992665106,,5.974006347527314,22.632525307330095,17.04001074608706,,8.764946865572638,74.17600299999998,-752.007996,-626.104004,3920.0,-3920.0,-3640.0
12.259035786175366,10.721350113869537,15.300734230736238,20.941363952205077,8.24736263581133,6.935934972461758,6.924301991353163,,19.36339548613389,15.658651072938044,,6.177342615361004,24.127943312084188,18.190212853753877,,9.187848886886387,72.71199799999998,-753.960022,-630.007996,2660.0,-4620.0,-4340.0
12.31818716733886,10.783823664449669,15.289691559899696,20.891211153048605,8.360681815659278,7.190977908874145,7.154050468705041,,19.366135051888804,15.618497779371912,,6.164929444458481,24.085612681266053,18.150376887613458,,9.203264591821355,76.61599699999998,-750.5440059999999,-635.376038,1960.0,-4900.0,-4340.0
12.326939465910574,10.778694106043256,15.233813673640382,20.85664406698612,8.335406609774902,7.212778997000841,7.173245219754906,,19.35259096923684,15.586484478084433,,6.124222978951636,24.231992355890384,18.164872775782555,,9.180819709086585,75.152,-756.888,-636.35199,1400.0,-5880.0,-4200.0
12.42791596770363,10.953255182824536,15.48697934896361,21.24223670056946,8.342383497950241,7.218813952433344,7.168879133828332,,19.647328678514466,15.76172579728498,,6.183958193898687,24.243132784922093,18.168498679077846,,9.183388435046195,74.664001,-752.496033,-642.695984,1400.0,-5880.0,-3920.0
12.434100439434548,10.999470969003744,15.53729778072103,21.352915098452726,8.478043406913024,7.3424837803452565,7.287295213121498,,19.691924979831477,15.747072660829808,,6.1578400373116144,24.11654194148405,18.120825338809595,,9.19210022768144,74.17600299999998,-749.567993,-634.888,980.0,-6160.0,-3780.0
12.465453204820074,11.06923498300909,15.555029820681117,21.434036433831928,8.932169449719632,7.764832628052188,7.698293946626415,,19.595914336737586,15.653688489537528,,6.3084871096897155,23.66534531789853,18.045063221728526,,9.47458184006882,78.56800099999998,-756.400024,-641.231995,420.0,-7420.0,-3360.0
12.462207846794012,11.273833443903811,15.73590152842487,21.85514158255408,9.361927929502096,8.265175869451136,8.193949646390184,,19.54859986103203,15.628598681039252,,6.358967966370873,23.672890022790444,18.2067106006897,,9.767805182994435,73.200005,-748.59198,-658.799988,700.0,-7140.0,-3360.0
12.451120759061808,11.60158130419141,16.2019403020466,22.431394521381417,9.431784319624079,8.466729298858612,8.392354108375496,,19.881525240466964,15.859288362625717,,6.383445664540859,23.686465799994252,18.191416125679464,,9.753255495729984,75.639999,-746.1520389999998,-653.919983,1680.0,-6300.0,-3220.0
12.450964159141975,11.469114502414897,16.106555143674854,22.22083318446803,8.935344085639164,8.147709172508232,8.066084233604773,,19.914018812156197,15.876922542294386,,6.382752757194461,23.81826581292049,18.316021491286435,,9.74859712184856,76.127998,-753.960022,-658.312012,2100.0,-6440.0,-3080.0
12.606979156924833,11.840150567314321,16.657489597019143,22.88287616135634,8.829302238209044,8.008072723147466,7.934295994124849,,21.50415054125764,17.166617955622524,,6.856546618971691,25.80302451562461,20.01176974381298,,10.232043763837597,72.223999,-752.007996,-656.359985,2660.0,-6020.0,-2660.0
12.704278180224813,12.34463886183558,17.402717007166356,24.09851231218777,8.935276782046936,8.049973759799483,7.9782540727352735,,22.35721876339282,17.674169364925213,,6.912139643322465,25.973771874284353,20.1569000932785,,10.225731557597992,76.127998,-752.496033,-652.455994,2940.0,-5600.0,-2240.0
12.611528732440243,12.526293516781678,17.44713250888923,24.24075608541551,9.053212029198795,8.34948012415052,8.284716733921359,,22.329930713004984,17.663446312513415,,6.894330906838959,26.30287545551149,20.36898531477241,,10.35761743100556,71.736,-754.447998,-648.552002,2100.0,-5600.0,-1820.0
12.498274283970146,12.536070124461954,17.288442687889894,24.085140789278714,8.792089782738747,8.448025718258512,8.38410438798615,,22.327694737882783,17.665268804026447,,6.824203396149325,26.243695064060603,20.33498277420518,,10.339244354362702,70.272003,-758.8400269999998,-644.64801,700.0,-5740.0,-1260.0
12.439150836575907,12.51720476284175,17.284464165372775,24.076233286165667,8.664361998753,8.458579453357986,8.393965757749735,,22.26299977489385,17.62060903647435,,6.756257983484862,26.06943280627422,20.207357107420293,,10.438533602414251,71.248001,-763.231995,-649.039978,0.0,-5880.0,-700.0
12.407678510101778,12.565311188866234,17.37516567914761,24.179095428666503,8.837962560841298,8.631788576598458,8.55914348295365,,22.289000193716706,17.691548961764486,,6.907079193846549,26.41707394624605,20.554172980072963,,11.060052067304428,69.295998,-765.184021,-650.015991,140.0,-5040.0,-140.0
10.44329095129121,12.564931136442757,17.341927159081738,24.19484801800607,8.85336309929864,8.740536623185582,8.670361200826854,,22.307528073196973,17.805137730156574,,7.096553066531783,26.640047305610842,20.7636193094058,,11.33820052546173,70.760002,-766.160034,-649.528015,420.0,-4620.0,420.0
8.817468885561857,12.496292201137473,17.34186664756151,24.11489545595307,8.712405174662802,8.664058513796816,8.578320248908614,,22.292046468903315,17.804509970332283,,7.105814591505958,26.63173068277237,20.751090807447305,,11.336273398520223,69.784004,-765.671997,-647.575989,560.0,-5180.0,840.0
8.420041195802922,12.517757855206199,17.429715158629588,24.33483249303944,8.763165424436929,8.71269672384201,8.632813177326799,,22.307575246677313,17.869796040048588,,7.1521265980279765,26.77673400153111,20.83396282478766,,11.556387962183104,68.32,-763.231995,-645.624023,700.0,-5460.0,1120.0
