1.020421,1.737055,2.223169,2.626386,1.354599,2.166989,1.423772,2.845680,3.472776,2.862297,1.971922,1.556198,3.841272,2.965634,2.311470,1.646599,96.624001,-678.645345,-715.082682,-466.666667,2380.000000,-186.666667
1.021132,1.732141,2.214383,2.623013,1.359947,2.153732,1.421807,2.826133,3.446555,2.839443,1.951017,1.541851,3.810210,2.938438,2.291193,1.630212,96.561035,-677.752864,-713.236935,-1666.326165,2102.885305,-335.698925
1.017445,1.732406,2.222818,2.643050,1.341368,2.116969,1.391406,2.808399,3.458969,2.845362,1.935680,1.514774,3.822837,2.934359,2.287958,1.601011,97.036790,-677.659720,-715.453475,-2557.383513,1818.745520,-364.551971
1.015648,1.720948,2.205067,2.631198,1.338204,2.130511,1.376335,2.809242,3.431725,2.825796,1.931297,1.515158,3.800328,2.910370,2.280271,1.597971,97.151354,-681.770108,-717.211756,-3526.344086,1374.032258,-546.075269
1.032584,1.750187,2.217687,2.658557,1.355892,2.139092,1.379321,2.824250,3.429279,2.837970,1.950653,1.532203,3.812023,2.917873,2.304667,1.611015,98.074006,-680.527378,-718.418212,-4075.053763,1045.232975,-634.767025
1.038128,1.767986,2.239412,2.697003,1.352197,2.141361,1.359533,2.827519,3.470676,2.870898,1.975849,1.548907,3.861703,2.950951,2.333581,1.623082,99.212677,-681.045983,-720.574861,-4638.440860,977.240143,-769.874552
1.060203,1.808302,2.261362,2.744553,1.365781,2.152578,1.364479,2.860858,3.504562,2.915947,2.024821,1.587937,3.921905,2.999069,2.385826,1.656794,99.098110,-681.499889,-724.010978,-4902.258065,669.892473,-946.881720
1.063068,1.822395,2.282612,2.776676,1.355143,2.158738,1.355450,2.884543,3.523502,2.939773,2.042485,1.597609,3.951596,3.023060,2.406099,1.658624,101.658361,-682.203461,-726.197798,-4151.075269,382.114695,-795.716846
1.072260,1.847542,2.299910,2.802645,1.359474,2.149910,1.355530,2.864629,3.570995,2.983669,2.079977,1.632644,4.016549,3.075196,2.444622,1.685194,100.965276,-682.589567,-728.332143,-3573.261649,688.960573,-564.516129
1.078631,1.863125,2.317148,2.814055,1.351117,2.102734,1.356616,2.827900,3.602908,3.015368,2.092326,1.640076,4.053673,3.107232,2.465855,1.689856,102.087765,-681.360818,-727.891359,-2326.559140,943.118280,-309.731183
1.065388,1.854218,2.317426,2.798027,1.317491,2.056142,1.339582,2.773577,3.610259,3.019022,2.094117,1.630281,4.057578,3.105559,2.455149,1.668796,101.209274,-681.767467,-726.816534,-896.200717,1394.480287,47.168459
1.069464,1.862595,2.305546,2.786321,1.318554,2.054283,1.340867,2.738331,3.612360,3.021243,2.099236,1.643581,4.057083,3.111167,2.457772,1.676570,101.897985,-682.886044,-725.624969,-141.254480,1834.175627,370.573477
1.070055,1.866039,2.317890,2.783523,1.302679,2.025841,1.337396,2.695368,3.608886,3.015714,2.083628,1.628237,4.032074,3.093047,2.437366,1.650781,100.538497,-682.717259,-725.729468,638.279570,2152.688172,560.000000
1.078420,1.875284,2.323353,2.776858,1.299809,2.019404,1.338611,2.679592,3.591628,3.004337,2.085610,1.620348,3.999057,3.070106,2.419052,1.640088,99.739594,-681.606568,-727.248587,928.691756,2089.086022,525.250896
1.076015,1.866007,2.304557,2.760889,1.295550,2.035471,1.341265,2.679933,3.544313,2.960035,2.056796,1.606853,3.924232,3.019678,2.377756,1.614166,100.257763,-682.256371,-728.608498,909.749104,1858.136201,515.842294
1.092951,1.884200,2.328376,2.770581,1.306732,2.032075,1.350097,2.673582,3.530396,2.953445,2.055650,1.610311,3.892733,2.995961,2.363590,1.609711,100.353527,-681.427711,-727.505694,1280.698925,1652.526882,528.010753
1.108999,1.902758,2.337609,2.780995,1.322678,2.065467,1.361084,2.692694,3.527523,2.954948,2.075819,1.622461,3.880533,2.987479,2.364921,1.625828,99.109477,-681.930146,-728.403864,2001.146953,1661.935484,541.433692
1.106796,1.898868,2.340154,2.786148,1.320871,2.076989,1.363435,2.708731,3.512553,2.938620,2.067072,1.632090,3.855333,2.966045,2.350884,1.616718,98.558073,-679.935309,-726.113843,2847.293907,2013.566308,540.430108
1.136147,1.932612,2.373119,2.825282,1.356260,2.123168,1.380921,2.772283,3.515091,2.954329,2.101400,1.668557,3.862371,2.965406,2.370038,1.651048,99.525764,-682.494246,-725.826558,3221.505376,2264.086022,535.913978
1.171230,1.975971,2.412269,2.876453,1.411465,2.217336,1.414832,2.852773,3.530261,2.979246,2.140819,1.712529,3.872981,2.978096,2.395929,1.689716,100.207915,-680.120707,-725.616208,3644.139785,2193.333333,596.756272
1.180752,1.992689,2.472802,2.933663,1.426463,2.253102,1.415493,2.905542,3.583875,3.015554,2.158907,1.747881,3.913670,2.999850,2.409364,1.695057,100.248146,-679.738519,-723.838669,3682.150538,1912.831541,571.541219
1.252156,2.088097,2.588456,3.077136,1.514584,2.409108,1.457482,3.115244,3.637335,3.087601,2.238395,1.822046,3.963043,3.035874,2.464130,1.752154,99.725163,-677.435822,-721.782165,3822.526882,1732.688172,600.645161
1.272413,2.113136,2.620543,3.110073,1.548638,2.545201,1.463821,3.209600,3.675610,3.114043,2.259349,1.844224,3.990211,3.054646,2.470462,1.766737,100.067112,-679.606468,-722.618693,3580.537634,1420.824373,539.175627
1.300236,2.174365,2.730246,3.226431,1.554080,2.646945,1.438626,3.307253,3.808117,3.222311,2.325909,1.897904,4.107076,3.139210,2.525683,1.791194,98.528774,-679.728465,-724.640205,3294.139785,1228.136201,616.953405
1.324092,2.214888,2.775615,3.295751,1.578684,2.777303,1.437787,3.454826,3.845918,3.264899,2.370625,1.933329,4.166984,3.176435,2.562145,1.826548,98.366109,-682.024585,-724.233984,3335.913978,1418.064516,647.311828
1.332129,2.234045,2.781591,3.307039,1.564076,2.858237,1.399647,3.494031,3.867531,3.284160,2.390595,1.942665,4.186765,3.201091,2.569323,1.835289,97.059529,-683.591352,-723.756474,3889.516129,1793.028674,700.000000
1.343393,2.262643,2.798989,3.327317,1.553388,2.928392,1.377379,3.505026,3.895138,3.316826,2.411968,1.963601,4.221547,3.238979,2.599026,1.858049,97.934955,-683.268206,-723.877153,4557.777778,2346.630824,743.655914
1.351137,2.287061,2.819653,3.367176,1.553401,2.960686,1.368275,3.549085,3.924751,3.353573,2.448700,1.996518,4.307330,3.304658,2.655536,1.906452,97.573766,-682.763174,-720.794378,5084.032258,2768.387097,725.215054
1.356506,2.288205,2.768052,3.313734,1.538811,2.965547,1.334696,3.511871,3.863978,3.316786,2.436836,1.997294,4.285601,3.304186,2.653641,1.916958,97.729435,-680.467912,-721.860456,5470.537634,2576.200717,596.630824
1.366012,2.304128,2.764719,3.296414,1.539114,2.982840,1.324718,3.450919,3.872886,3.333945,2.442228,2.010701,4.313979,3.340720,2.679346,1.937657,96.913480,-680.118075,-721.687292,5499.390681,2277.007168,451.863799
1.361040,2.310946,2.797306,3.348168,1.525135,2.991871,1.305806,3.492230,3.927401,3.370468,2.466011,2.025180,4.454104,3.437940,2.730152,1.962380,98.192946,-676.625130,-720.479533,5135.591398,1606.989247,203.978495
1.357220,2.299863,2.750733,3.289072,1.502699,3.006142,1.263433,3.453040,3.881428,3.339410,2.447765,2.025862,4.489980,3.462341,2.738393,1.969048,97.274669,-674.931122,-720.708223,4938.888889,894.444444,268.333333
1.349570,2.284103,2.731293,3.249366,1.495785,3.029902,1.245253,3.367564,3.855413,3.317582,2.414245,2.004818,4.463266,3.452062,2.719018,1.953751,99.398079,-673.399762,-724.823440,4429.820789,735.125448,355.770609
1.330650,2.270729,2.760105,3.292706,1.472085,3.051455,1.228581,3.433703,3.941174,3.368259,2.440288,2.021273,4.695267,3.604967,2.797960,1.985980,98.393658,-673.951626,-720.808798,3853.010753,423.387097,352.634409
1.320934,2.250602,2.715277,3.244379,1.458088,3.147578,1.191200,3.470736,3.877802,3.325396,2.410142,2.017658,4.730577,3.621399,2.813286,1.999607,95.696975,-674.278691,-724.733353,3398.387097,161.577061,581.326165
1.314518,2.232677,2.681494,3.194063,1.465828,3.154354,1.190904,3.393508,3.855006,3.307095,2.386821,2.004218,4.767286,3.650250,2.824818,2.003306,98.784580,-675.753188,-726.399795,3603.620072,483.225806,885.286738
1.314546,2.232069,2.708321,3.243664,1.489192,3.248950,1.222438,3.546959,3.915922,3.342858,2.408223,2.019595,4.957386,3.768533,2.893307,2.035974,97.374369,-675.921988,-724.580313,3992.258065,992.043011,1174.193548
1.309389,2.217855,2.672858,3.223302,1.496480,3.388451,1.217113,3.669368,3.863209,3.302264,2.384706,2.004922,4.988529,3.773999,2.895857,2.037056,97.169722,-676.497889,-725.520006,4376.630824,1369.892473,1383.189964
1.314508,2.216153,2.659390,3.202343,1.524254,3.393238,1.242641,3.646713,3.869600,3.306950,2.387082,1.999204,5.039799,3.806884,2.911112,2.044133,96.895113,-677.632596,-725.051687,4790.609319,1510.143369,1426.845878
1.309310,2.205185,2.664027,3.235794,1.543337,3.547936,1.272062,3.855603,3.867040,3.290505,2.379260,1.988209,5.089440,3.825463,2.909019,2.038101,98.115547,-680.157877,-725.977399,5452.849462,1712.365591,1384.569892
1.301537,2.196774,2.665314,3.265152,1.545470,3.617449,1.278144,3.962550,3.866290,3.274761,2.366191,1.960453,5.103103,3.817382,2.890898,2.018681,98.276905,-681.979141,-725.428624,6000.430108,1880.716846,1308.172043
1.297811,2.190440,2.658874,3.249650,1.547670,3.663766,1.278316,3.975115,3.874624,3.283126,2.372481,1.950428,5.124507,3.835816,2.898040,2.023103,99.251594,-682.350822,-727.010241,6899.139785,2137.007168,1200.035842
1.290410,2.179250,2.684481,3.316338,1.562394,3.818910,1.297588,4.163625,3.868202,3.259274,2.353533,1.939344,5.121777,3.822341,2.874288,2.008739,99.119097,-683.688009,-726.550654,7788.064516,2226.451613,1218.602151
1.288778,2.190946,2.743349,3.406773,1.564810,3.842685,1.306631,4.219477,3.940887,3.296436,2.363765,1.926955,5.185643,3.860223,2.889310,2.010678,100.490834,-682.306646,-726.441343,8645.125448,2119.946237,1109.838710
1.307928,2.213667,2.786364,3.435332,1.581771,3.952721,1.315324,4.275914,3.977795,3.328481,2.377421,1.939446,5.213141,3.889434,2.899823,2.017403,99.602726,-681.384435,-726.915359,9472.329749,2040.286738,1025.161290
1.297372,2.201259,2.850573,3.557853,1.591101,4.103920,1.324482,4.446754,4.012554,3.323050,2.363662,1.922155,5.225198,3.878351,2.878681,2.002005,100.314174,-679.908634,-724.712810,10049.516129,1916.720430,963.817204
1.312796,2.252682,2.956399,3.682055,1.589582,4.119863,1.322577,4.482223,4.142170,3.405890,2.398353,1.925204,5.339226,3.965729,2.917486,2.006083,100.241146,-680.559722,-724.820817,10137.455197,1739.211470,792.580645
1.292249,2.221944,2.961522,3.690810,1.553806,4.236097,1.288733,4.523434,4.157606,3.390849,2.367443,1.889803,5.341375,3.965371,2.898544,1.992785,100.165500,-679.796241,-725.597845,9974.874552,1475.394265,793.333333
1.269007,2.210728,3.019629,3.792554,1.522507,4.269761,1.264567,4.599905,4.224838,3.419810,2.381581,1.875846,5.418346,4.007970,2.919764,2.000691,101.892302,-680.838715,-725.572041,9932.473118,1371.397849,852.043011
1.261693,2.241085,3.050319,3.839075,1.472368,4.231286,1.219102,4.547551,4.345059,3.512907,2.421929,1.880649,5.592554,4.154326,3.017844,2.052674,103.259665,-681.720707,-724.899070,9837.258065,1381.810036,1079.229391
1.236593,2.200971,3.019678,3.804053,1.438998,4.200826,1.197710,4.499927,4.314599,3.488896,2.403582,1.869168,5.597082,4.162223,3.025774,2.072386,103.779584,-682.170655,-723.389164,10039.856631,1384.946237,1351.827957
1.246371,2.247252,3.065958,3.894611,1.440770,4.191443,1.190085,4.537025,4.378843,3.561033,2.470107,1.900702,5.740511,4.266421,3.122885,2.138083,104.072562,-685.258269,-725.505153,10253.870968,1732.688172,1601.344086
1.331197,2.395991,3.198432,4.042332,1.539658,4.208452,1.236622,4.550560,4.493935,3.689610,2.575159,1.972576,5.962426,4.441994,3.274303,2.255162,103.557452,-684.189998,-725.663004,10618.924731,1728.673835,1904.301075
1.366707,2.437509,3.296713,4.131528,1.605043,4.406083,1.279490,4.658208,4.443760,3.634366,2.546040,1.953802,5.993165,4.466561,3.307458,2.298530,103.284587,-685.079872,-726.947284,11173.405018,1726.415771,2262.580645
1.479060,2.635837,3.539261,4.411879,1.779278,4.595638,1.381141,4.848062,4.638532,3.796013,2.682360,2.028145,6.332760,4.689109,3.506243,2.446780,101.947401,-685.472083,-726.513942,11699.784946,1944.193548,2521.505376
1.639782,2.866159,3.834189,4.712173,2.039669,4.980411,1.550295,5.095049,4.825499,3.909659,2.776827,2.087330,6.857841,5.042642,3.795284,2.675121,100.988451,-686.044052,-725.320187,12078.261649,1913.835125,2544.964158
1.690855,2.946603,4.015912,4.895181,2.139813,5.197374,1.626838,5.249368,4.980244,3.953758,2.778049,2.073571,7.061172,5.166839,3.884386,2.739110,99.473290,-687.158249,-725.031568,12135.842294,1694.050179,2554.121864
1.855706,3.189999,4.280663,5.220875,2.431019,5.534044,1.826662,5.599185,5.289310,4.193112,2.942012,2.168963,7.903483,5.692851,4.288152,3.010081,98.749162,-686.408736,-722.200662,12114.139785,1127.526882,2531.290323
1.950413,3.317796,4.484138,5.482672,2.605098,5.879939,1.938832,5.864736,5.455817,4.276694,3.001860,2.219415,8.311005,5.944004,4.501518,3.179652,97.349882,-687.097010,-722.426287,11922.831541,659.354839,2286.415771
2.006723,3.405351,4.605547,5.661971,2.720184,6.013457,2.013496,6.077596,5.605882,4.371774,3.019320,2.227820,8.761504,6.207197,4.677393,3.268956,99.117349,-687.553977,-721.692545,11659.516129,411.093190,2080.179211
2.087713,3.510494,4.748039,5.897522,2.854063,6.297532,2.096726,6.402686,5.849920,4.539659,3.124403,2.302023,9.317382,6.522058,4.929627,3.443308,98.455313,-688.038021,-720.954424,11480.000000,296.559140,1941.935484
2.097777,3.546523,4.864622,6.128107,2.926495,6.479275,2.115657,6.622989,5.901554,4.561068,3.128188,2.318279,9.510827,6.621226,5.011613,3.511631,97.956820,-687.210695,-721.054117,11386.164875,280.000000,1752.508961
2.134628,3.595869,4.920835,6.216707,2.992869,6.560181,2.161941,6.754286,6.090856,4.671953,3.146118,2.340805,9.977221,6.891483,5.203147,3.618928,98.196447,-687.944451,-721.860440,11433.333333,443.333333,1508.888889
2.138196,3.612810,5.058352,6.474018,3.025552,6.804075,2.182626,6.984286,6.258434,4.739614,3.189523,2.349036,10.092617,6.933241,5.244040,3.669132,96.516431,-687.231262,-722.947087,11568.817204,513.333333,1374.784946
2.149091,3.668138,5.188885,6.681889,3.109801,6.998521,2.202738,7.171062,6.298863,4.765273,3.197566,2.377921,10.372954,7.107012,5.393487,3.790816,97.732933,-686.874862,-725.271226,11567.813620,439.068100,1080.860215
2.148513,3.662283,5.213428,6.728833,3.115374,7.073616,2.221786,7.202220,6.496663,4.870311,3.251228,2.400766,10.610429,7.245899,5.492180,3.852566,98.609672,-686.017373,-726.046062,12048.655914,547.078853,919.157706
2.155223,3.716247,5.385407,6.986963,3.155078,7.310845,2.229313,7.404021,6.567474,4.914051,3.295741,2.406597,10.706934,7.310728,5.555970,3.919037,98.505164,-688.119366,-726.369653,12370.430108,684.193548,885.913978
2.161273,3.739248,5.436737,7.066590,3.194241,7.437513,2.245018,7.483212,6.620226,4.971880,3.353037,2.475543,10.907626,7.439936,5.672153,4.012975,98.538396,-688.130731,-730.640524,13267.258065,1138.691756,841.505376
2.168607,3.777325,5.511087,7.171828,3.209948,7.518788,2.252145,7.544148,6.686078,5.007195,3.407183,2.471577,10.949880,7.469963,5.686778,4.024164,100.746640,-689.272896,-735.883013,14760.215054,1750.250896,1089.892473
2.190662,3.826859,5.589598,7.279288,3.258331,7.639043,2.288496,7.659777,6.705276,5.022735,3.438040,2.498266,11.019614,7.513146,5.721526,4.051375,105.242712,-690.193358,-740.883701,16827.473118,2587.741935,1480.161290
2.202175,3.849292,5.627705,7.338874,3.283647,7.703493,2.305116,7.747754,6.736346,5.032163,3.486663,2.528083,11.050077,7.516240,5.727649,4.062580,106.021063,-691.718140,-746.649621,19524.480287,3627.204301,2001.146953
2.217460,3.876174,5.668232,7.387626,3.312861,7.755837,2.329744,7.823380,6.768184,5.038478,3.495145,2.526110,11.084226,7.539104,5.733858,4.063619,106.602639,-690.980897,-752.239317,23052.706093,4537.329749,2881.415771
2.225407,3.891116,5.714179,7.430649,3.314266,7.805577,2.329711,7.890849,6.869119,5.099434,3.529280,2.540374,11.137026,7.563715,5.738351,4.061620,106.662108,-689.832611,-750.732913,26575.913978,5196.559140,3846.236559
2.246991,3.912188,5.766517,7.497580,3.324124,7.843809,2.335926,8.010650,6.915802,5.141870,3.577765,2.604373,11.165663,7.574189,5.759628,4.079362,107.827450,-688.324864,-750.374801,29916.594982,5791.182796,4705.555556
2.248632,3.920445,5.800213,7.520225,3.318175,7.853493,2.334288,8.034132,7.017100,5.218107,3.590416,2.609853,11.236593,7.622503,5.785041,4.085128,105.484961,-688.406215,-748.670708,32643.333333,6182.831541,5193.046595
2.295025,3.976568,5.888448,7.615437,3.352889,7.966182,2.345926,8.173903,7.086171,5.290213,3.642946,2.660765,11.251433,7.632297,5.792007,4.088039,106.049485,-687.651029,-748.672036,34836.290323,6105.806452,5630.483871
2.306467,3.987616,5.930406,7.675115,3.379156,8.066209,2.368669,8.256141,7.120870,5.317366,3.643340,2.749069,11.302196,7.650272,5.829862,4.102748,106.219585,-686.225968,-745.242470,37097.992832,5766.594982,5960.788530
2.347460,4.042313,6.017966,7.775141,3.447644,8.217856,2.417864,8.378426,7.209883,5.379936,3.646970,2.759361,11.377164,7.687382,5.848656,4.110333,103.968925,-688.776152,-740.619596,37992.311828,6225.232975,5987.383513
2.363496,4.063332,6.053737,7.824654,3.498922,8.447975,2.435407,8.508103,7.254250,5.403876,3.647089,2.819454,11.442503,7.716023,5.877803,4.120720,102.112690,-690.847967,-738.186605,38004.731183,6281.935484,5956.774194
2.379760,4.097751,6.154701,7.949627,3.556069,8.612656,2.494125,8.589253,7.399191,5.487945,3.659559,2.899787,11.552186,7.756146,5.925734,4.144633,103.559200,-693.702521,-735.803873,38889.139785,6522.043011,6087.867384
2.378736,4.099085,6.183625,7.978207,3.599478,8.758592,2.518049,8.667793,7.550428,5.578642,3.691495,2.933316,11.704098,7.836518,5.971559,4.170015,101.967514,-694.429258,-730.424062,40626.093190,7432.544803,6420.931900
2.380973,4.138853,6.269211,8.071070,3.619965,8.901502,2.518062,8.725125,7.762620,5.731744,3.768561,3.041261,11.777508,7.867472,6.006713,4.175582,102.053656,-694.814944,-724.728548,41180.322581,8152.365591,6726.397849
2.391318,4.156060,6.321483,8.150093,3.667937,8.949484,2.578234,8.774812,7.944412,5.864187,3.840322,3.120894,11.921709,7.930899,6.050162,4.204725,101.399054,-693.628182,-721.159064,40109.498208,8854.874552,6770.681004
2.388551,4.188337,6.363849,8.188794,3.655520,8.950557,2.543481,8.828359,8.122632,6.004538,3.959415,3.210408,11.887559,7.891353,6.022550,4.175404,100.639068,-698.829559,-721.462083,39402.473118,8561.577061,7008.154122
2.424184,4.256496,6.421095,8.286651,3.697991,8.959533,2.571471,8.884656,8.278628,6.157201,4.063847,3.324221,11.886559,7.869175,6.010196,4.154629,100.706408,-699.115092,-719.621604,39198.494624,9437.204301,7463.655914
2.437009,4.265235,6.414149,8.291859,3.729892,8.886716,2.610381,8.895067,8.387406,6.231351,4.126616,3.378761,11.906657,7.857745,5.989586,4.152715,102.473443,-700.077562,-718.657407,38527.849462,9858.082437,7389.516129
2.488091,4.348821,6.487218,8.371687,3.786339,8.919109,2.639355,9.039482,8.463509,6.308078,4.218516,3.445074,11.777509,7.750797,5.921746,4.097513,104.656762,-697.309177,-716.420748,38940.824373,9967.347670,7869.354839
2.522103,4.396532,6.527672,8.411821,3.853640,8.917904,2.695723,9.050163,8.611930,6.407673,4.294786,3.493031,11.838170,7.779413,5.937858,4.117324,105.034132,-698.700578,-714.624848,39636.559140,10614.032258,8309.677419
2.552660,4.424772,6.558820,8.437030,3.913011,8.904490,2.757741,9.112652,8.673745,6.437478,4.330896,3.509291,11.807077,7.735296,5.890935,4.089991,105.812045,-698.359499,-712.424040,39519.139785,10772.473118,8796.415771
2.588281,4.472960,6.609911,8.459890,3.970499,8.950456,2.802446,9.187402,8.728784,6.483364,4.377482,3.516541,11.814426,7.734854,5.887828,4.079628,106.967767,-697.102336,-710.952607,38396.254480,10279.462366,9013.566308
2.605227,4.491490,6.619818,8.454744,4.007362,8.971460,2.825777,9.212797,8.753405,6.502745,4.407513,3.515554,11.804872,7.719628,5.861014,4.060884,106.063916,-698.133853,-709.956043,37854.946237,9835.376344,9440.215054
2.634285,4.528130,6.652855,8.459709,4.040706,8.930254,2.847430,9.238614,8.769791,6.538760,4.443148,3.519756,11.813654,7.709977,5.837975,4.023813,105.886383,-699.441750,-706.179297,38070.716846,9190.071685,9693.745520
2.658281,4.565748,6.690868,8.470529,4.056970,8.946525,2.854566,9.283425,8.795489,6.572872,4.476100,3.513091,11.777967,7.682140,5.797922,3.979226,102.826324,-698.156593,-703.321697,38126.666667,9057.849462,9683.082437
2.693796,4.635353,6.781829,8.544859,4.072928,8.926722,2.845546,9.353978,8.902841,6.664353,4.564349,3.512327,11.780413,7.646846,5.722384,3.871061,101.748002,-698.694005,-701.459331,37076.666667,9263.333333,9415.000000
2.727556,4.691529,6.863837,8.621577,4.092158,8.902188,2.854196,9.392126,8.992873,6.741721,4.615802,3.531779,11.806221,7.657634,5.713517,3.840422,97.609621,-700.427812,-698.230069,34934.767025,8691.290323,8912.078853
2.788976,4.788637,7.000397,8.755586,4.133877,8.988272,2.890006,9.538565,9.143505,6.847012,4.708558,3.536257,11.818841,7.650753,5.663529,3.765756,95.451226,-700.946850,-700.943784,32830.878136,8210.824373,8539.247312
2.842251,4.881535,7.159908,8.955561,4.167964,9.144979,2.919032,9.768381,9.312707,6.965062,4.834488,3.566017,11.861131,7.654104,5.648360,3.727841,95.354151,-701.481644,-700.085862,30739.784946,7290.537634,7815.913978
2.881374,4.948444,7.246167,9.057633,4.179461,9.192936,2.914241,9.846473,9.409206,7.049842,4.902984,3.605322,11.908730,7.693105,5.679775,3.746865,93.515407,-701.322901,-698.299132,29176.953405,6666.559140,7171.487455
2.963109,5.058840,7.417716,9.272803,4.250081,9.417445,2.998144,10.147906,9.570028,7.162734,5.028113,3.639116,11.957489,7.719350,5.690651,3.746011,90.251139,-701.091604,-696.907755,27847.956989,6399.856631,6539.103943
2.983493,5.080533,7.476603,9.359125,4.284236,9.526527,3.056501,10.309377,9.617112,7.190658,5.097496,3.657604,11.985551,7.723090,5.708492,3.782061,89.831357,-705.443355,-694.598480,26394.516129,6468.978495,5974.086022
3.013309,5.119162,7.508229,9.405718,4.321291,9.566969,3.102182,10.368918,9.654065,7.230687,5.151915,3.682627,11.995057,7.739291,5.731476,3.811118,86.886738,-706.410617,-691.938525,24578.781362,6447.025090,5057.562724
3.043623,5.130044,7.572735,9.474946,4.410419,9.628483,3.259777,10.506940,9.728490,7.240981,5.193975,3.672680,12.014532,7.724982,5.708658,3.816828,86.578459,-705.621337,-688.595572,22250.716846,6259.731183,4114.946237
3.030097,5.085662,7.550862,9.450125,4.451268,9.670467,3.350525,10.547287,9.719383,7.191374,5.186411,3.648637,11.932120,7.649096,5.639846,3.794858,86.276301,-703.926891,-688.017048,20150.967742,6086.236559,3228.279570
3.031111,5.101776,7.545862,9.458042,4.479568,9.666917,3.404892,10.558372,9.720898,7.191716,5.226891,3.660601,11.789426,7.561607,5.596799,3.798446,90.021571,-701.313293,-687.924339,18169.265233,5478.440860,2326.308244
3.030722,5.064488,7.593174,9.452262,4.530609,9.619062,3.545212,10.554790,9.834100,7.191785,5.222046,3.620826,11.785293,7.533335,5.528410,3.761507,93.202755,-703.795717,-687.801915,15895.268817,4418.279570,1285.591398
2.971449,4.984630,7.522248,9.389419,4.461778,9.598057,3.524287,10.506539,9.744275,7.094043,5.173061,3.588637,11.372224,7.278626,5.345519,3.652030,93.480860,-698.859296,-691.148396,13677.473118,3493.602151,497.150538
2.990486,5.053910,7.596445,9.454090,4.484959,9.519996,3.567898,10.507313,9.825128,7.176929,5.263597,3.630040,11.321911,7.292185,5.380537,3.692414,95.827286,-701.469401,-690.631958,11581.362007,2698.888889,-132.222222
2.953885,4.950064,7.535324,9.308868,4.441958,9.415660,3.617602,10.345920,9.837627,7.121309,5.172099,3.557174,11.169464,7.213842,5.261314,3.584845,98.155779,-702.637801,-688.880677,10728.817204,2347.885305,-640.035842
2.908955,4.911452,7.480756,9.256758,4.364242,9.309289,3.582445,10.223415,9.747642,7.069527,5.131025,3.536051,10.796009,7.063244,5.173094,3.539749,98.088000,-699.734288,-687.639246,9818.064516,2191.827957,-1136.559140
2.915133,4.902581,7.442367,9.157134,4.389829,9.356468,3.625890,10.179490,9.709318,7.082383,5.125829,3.559603,10.899597,7.210636,5.320211,3.678192,101.480388,-699.860647,-692.667472,8911.577061,1527.831541,-1454.068100
2.860325,4.783998,7.275281,8.921107,4.302285,9.213030,3.616634,9.905685,9.592640,6.968014,4.972998,3.476342,10.602999,7.096865,5.216679,3.606854,104.151269,-697.300419,-692.111675,8201.792115,1484.802867,-1613.763441
2.843274,4.751595,7.194290,8.807486,4.266410,9.232963,3.604752,9.840544,9.459394,6.900087,4.898640,3.454634,10.454148,7.089483,5.246437,3.656135,104.828173,-696.045412,-691.863324,8120.000000,1568.978495,-1326.236559
2.796214,4.664622,7.054623,8.621117,4.188760,9.245540,3.575342,9.756184,9.386918,6.852171,4.844184,3.450892,10.392342,7.111373,5.304691,3.732096,106.123384,-697.327530,-690.168441,8049.247312,1374.408602,-902.724014
2.784658,4.650284,7.002307,8.535139,4.125817,9.138019,3.550604,9.594544,9.354120,6.839935,4.785913,3.423353,10.272771,7.124411,5.318531,3.733952,105.425928,-697.568022,-686.912480,7589.229391,735.501792,-336.326165
2.761389,4.617821,6.976432,8.481939,4.069950,9.151083,3.547721,9.590366,9.425850,6.879125,4.781123,3.420835,10.300405,7.180482,5.354622,3.757594,104.403142,-696.273669,-691.905304,7291.290323,805.376344,289.784946
2.757531,4.633655,6.999736,8.504236,4.021824,9.123803,3.545077,9.591844,9.523262,6.966888,4.841438,3.458846,10.366011,7.280933,5.446335,3.823607,100.022071,-699.460548,-686.870936,6744.838710,885.035842,1091.774194
2.765916,4.680798,7.093845,8.593279,4.014633,9.060721,3.567158,9.551406,9.809538,7.185722,4.946223,3.502456,10.704648,7.551148,5.600142,3.885987,99.321120,-699.613602,-687.046300,6899.139785,325.161290,1379.928315
2.773732,4.707110,7.167633,8.657353,4.011269,9.020576,3.605000,9.545622,10.022461,7.339325,5.025570,3.541965,10.867489,7.699968,5.679635,3.927351,97.666904,-697.169663,-686.803622,7509.569892,628.118280,1525.698925
2.772353,4.734373,7.272191,8.784723,4.012123,9.019771,3.634154,9.616500,10.263438,7.516870,5.131817,3.570094,11.206483,7.953671,5.829197,3.996632,94.972847,-700.698913,-684.922886,8078.853047,534.659498,1225.627240
2.760394,4.722421,7.357887,8.866185,4.061765,8.980394,3.721881,9.589982,10.558065,7.712730,5.207093,3.576902,11.571900,8.218439,5.953719,4.062255,94.285011,-698.440821,-691.120821,8155.501792,273.978495,964.695341
2.760117,4.718134,7.363507,8.861805,4.079137,8.962988,3.745639,9.549091,10.595137,7.750054,5.226877,3.590711,11.634796,8.302967,6.003005,4.103368,91.875183,-703.926882,-681.678288,7332.688172,-111.397849,176.129032
2.754826,4.698086,7.395996,8.903513,4.159470,8.980168,3.854409,9.570301,10.710519,7.820090,5.251565,3.566222,11.869041,8.457665,6.066049,4.133483,92.619864,-703.822382,-682.850185,6416.290323,-417.114695,-616.827957
2.763666,4.658977,7.343515,8.841385,4.248293,8.955140,3.957536,9.507747,10.689118,7.805036,5.239803,3.551112,11.933809,8.515988,6.089837,4.185835,92.206638,-707.422467,-683.273476,4795.376344,-1209.820789,-1883.978495
2.814704,4.727922,7.329733,8.825877,4.334319,8.946816,4.030697,9.462997,10.662919,7.813551,5.284469,3.601785,11.960577,8.567508,6.136437,4.231777,91.789915,-710.453240,-687.431983,3910.215054,-2546.344086,-2976.505376
2.837731,4.738127,7.283016,8.799254,4.394207,8.932818,4.106340,9.466431,10.621998,7.793145,5.309155,3.553908,12.008996,8.588458,6.130279,4.244749,92.069333,-710.853332,-687.049785,3468.888889,-3391.111111,-3733.333333
2.884440,4.773784,7.320931,8.814786,4.460923,8.808272,4.198448,9.414069,10.638010,7.805690,5.373009,3.587260,12.025722,8.611398,6.169171,4.292239,91.885240,-714.398346,-689.847470,3240.197133,-3362.258065,-4390.304659
2.968122,4.935169,7.398719,8.955122,4.501249,8.783696,4.227938,9.474006,10.749497,7.912945,5.523097,3.658231,12.119036,8.698313,6.251837,4.345950,92.234626,-714.513335,-685.256967,3524.086022,-2608.064516,-4899.247312
2.992985,4.971031,7.497524,9.021668,4.476288,8.587880,4.263947,9.519703,10.856160,7.982020,5.632372,3.589863,12.167283,8.726019,6.247425,4.343506,95.123707,-716.552779,-689.185437,3174.964158,-2002.150538,-5361.899642
3.047887,5.088075,7.678633,9.224883,4.534951,8.546499,4.346132,9.581873,11.025911,8.109229,5.773932,3.667091,12.261628,8.803943,6.343340,4.375904,93.459874,-713.926536,-681.372188,2415.125448,-1272.544803,-5476.559140
3.077162,5.174062,7.813425,9.367261,4.472793,8.392130,4.324994,9.610080,11.282256,8.294356,5.912464,3.661467,12.471483,8.964346,6.421050,4.405661,96.540044,-714.138160,-682.621486,822.311828,-1924.623656,-5881.505376
3.074713,5.194124,7.897968,9.395112,4.467857,8.184519,4.388074,9.590117,11.374244,8.365383,5.992786,3.625103,12.531340,9.017262,6.438073,4.400230,95.980331,-715.895996,-688.937943,-895.949821,-1843.333333,-6124.121864
3.095953,5.316013,8.085466,9.586467,4.470122,8.120387,4.415669,9.550089,11.641819,8.591670,6.147627,3.702983,12.783360,9.205717,6.587183,4.456857,97.478876,-713.978562,-699.925380,-2505.698925,-2446.362007,-6235.394265
3.064044,5.288313,8.076520,9.527201,4.401314,7.962689,4.398555,9.433601,11.680414,8.616479,6.144678,3.645550,12.829544,9.253193,6.571681,4.420996,98.953808,-712.800096,-697.388737,-2732.258065,-2644.946237,-5976.344086
3.102004,5.382383,8.131999,9.591506,4.445670,7.923206,4.440279,9.429204,11.736558,8.694034,6.241591,3.708448,12.890176,9.311567,6.644151,4.483533,99.437434,-712.842929,-698.244050,-1808.584229,-2775.412186,-5587.706093
3.100221,5.462196,8.225837,9.667959,4.403077,7.904923,4.416375,9.332613,11.887753,8.841268,6.315968,3.752840,13.054172,9.450160,6.742318,4.522987,96.205966,-712.912035,-692.182520,-830.716846,-1626.308244,-5224.659498
3.082693,5.443386,8.180970,9.627621,4.356145,7.947016,4.390681,9.348060,11.821464,8.792283,6.280319,3.741284,12.973950,9.406592,6.710130,4.486911,99.887829,-709.643843,-701.560351,-1115.107527,-1444.032258,-5061.075269
3.156735,5.561980,8.229508,9.725354,4.419625,8.001705,4.411882,9.431053,11.859789,8.866055,6.374999,3.833729,13.003177,9.457162,6.800467,4.593067,103.650151,-708.717697,-695.751578,-484.731183,-695.985663,-4629.534050
3.167935,5.626409,8.255352,9.767327,4.380038,8.000940,4.392326,9.421838,11.917000,8.943247,6.413502,3.881578,13.051725,9.523924,6.861112,4.614154,103.376854,-707.284734,-694.456367,-154.175627,-1250.716846,-4294.713262
3.168820,5.623619,8.246104,9.782374,4.365235,8.091545,4.381434,9.526761,11.913653,8.941570,6.401270,3.887361,13.033707,9.520642,6.857184,4.597626,102.912906,-708.082769,-692.272612,-113.655914,-2848.172043,-3888.387097
3.234030,5.709689,8.279760,9.860700,4.453859,8.107868,4.438296,9.556665,11.933191,8.971602,6.443702,3.934908,13.021575,9.528730,6.888856,4.655857,107.538846,-712.424912,-698.721548,267.455197,-3434.390681,-3441.666667
3.252409,5.746921,8.275434,9.862392,4.461334,8.055937,4.452208,9.543332,11.947842,9.003394,6.444731,3.937085,13.031486,9.551363,6.896576,4.639514,106.385750,-711.656175,-690.932794,1855.125448,-3090.537634,-2833.118280
3.239407,5.724051,8.261095,9.854829,4.477457,8.191717,4.458727,9.575110,11.922354,8.956954,6.385154,3.893754,12.974939,9.500130,6.825238,4.580122,112.930025,-711.463334,-706.368193,2124.462366,-3519.193548,-2516.989247
3.256530,5.725279,8.240231,9.865335,4.540560,8.176790,4.497174,9.505683,11.817650,8.864729,6.312084,3.850326,12.853794,9.399123,6.747226,4.542642,107.317149,-709.792501,-696.220338,4706.810036,-2915.412186,-2000.896057
3.254604,5.718269,8.191392,9.832362,4.546092,8.252094,4.487313,9.512604,11.720506,8.792695,6.250361,3.807348,12.748027,9.323603,6.680350,4.493826,105.534374,-705.790112,-690.707173,4734.157706,-3113.494624,-1771.827957
3.227997,5.663701,8.140315,9.814258,4.555671,8.451367,4.473465,9.570936,11.561462,8.643837,6.112635,3.738559,12.560573,9.173631,6.542192,4.389877,109.758022,-705.443352,-700.379705,4302.365591,-3627.956989,-1925.376344
3.206358,5.642658,8.107963,9.839852,4.546823,8.445878,4.449010,9.507848,11.411746,8.522084,6.035046,3.695956,12.388877,9.020955,6.442617,4.322703,108.885655,-704.345374,-704.115352,5776.379928,-2599.659498,-1747.992832
3.223131,5.653732,8.097277,9.869526,4.549839,8.589934,4.422703,9.630141,11.326413,8.468461,6.006571,3.719634,12.288361,8.952669,6.406230,4.303147,104.421509,-703.010374,-691.245028,6280.681004,-1970.286738,-1630.322581
3.177316,5.612037,8.078553,9.898556,4.488565,8.642218,4.357883,9.618181,11.224790,8.373003,5.910659,3.692074,12.126611,8.815599,6.286116,4.183597,101.905420,-706.061242,-687.205002,5651.935484,-2912.150538,-1889.623656
3.190590,5.679448,8.175229,10.048271,4.472794,8.662987,4.322118,9.668180,11.288601,8.426072,5.986198,3.772198,12.098147,8.778319,6.295334,4.191651,103.265349,-703.655792,-690.334619,6411.899642,-3056.917563,-2066.881720
3.156007,5.609336,8.104273,9.959609,4.404752,8.643624,4.249127,9.599767,11.175023,8.331561,5.909533,3.785970,11.947398,8.660870,6.214927,4.131586,100.230217,-706.420686,-681.287372,7111.146953,-2887.437276,-2049.193548
3.088131,5.572550,8.106598,9.978818,4.275873,8.477119,4.146884,9.479447,11.257606,8.371034,5.909710,3.805553,11.947048,8.645412,6.175264,4.051740,103.411399,-712.322588,-694.741485,6589.032258,-3375.806452,-2298.709677
3.074421,5.561167,8.084234,9.930276,4.228262,8.424987,4.067660,9.408000,11.212282,8.341931,5.927268,3.848044,11.818657,8.549282,6.136726,4.038408,101.909355,-706.247059,-693.976239,6320.573477,-2998.333333,-2318.530466
2.956325,5.371690,7.913748,9.697985,4.077811,8.225438,3.951981,9.182440,11.070321,8.201927,5.766061,3.769356,11.678176,8.443581,6.014851,3.933992,108.115611,-704.766467,-707.673459,5674.767025,-4304.874552,-2319.283154
2.942976,5.361330,7.851643,9.603920,4.041000,8.034596,3.899439,9.027269,11.037185,8.203161,5.780278,3.784137,11.649125,8.433134,6.004885,3.916330,107.626301,-699.149208,-707.950257,6288.709677,-4258.333333,-2174.516129
2.861086,5.196228,7.642593,9.314142,3.968169,7.924466,3.805052,8.832886,10.758602,7.996189,5.618027,3.698346,11.362456,8.232900,5.853478,3.838258,110.190052,-695.285423,-715.802423,6074.946237,-4314.659498,-2104.265233
2.822559,5.114053,7.477173,9.090797,3.964736,7.779758,3.783509,8.597131,10.515735,7.828741,5.475197,3.631859,11.174373,8.117761,5.755520,3.788753,106.289114,-698.029787,-693.231128,6529.444444,-4281.666667,-2006.666667
2.847993,5.110493,7.378494,8.979706,3.997122,7.750458,3.779004,8.532685,10.345556,7.756621,5.464858,3.624606,11.066593,8.032819,5.728234,3.788388,99.704172,-708.838382,-667.982809,4395.698925,-6027.526882,-2666.021505
2.797997,5.005924,7.229994,8.787923,3.994716,7.787589,3.735915,8.438985,10.122701,7.591672,5.318538,3.545121,10.894941,7.921479,5.643573,3.765520,103.846487,-724.325821,-663.298268,3495.860215,-7429.283154,-3524.211470
2.818826,5.033098,7.185266,8.771694,4.022633,7.848546,3.726969,8.412146,9.999052,7.539157,5.305347,3.531569,10.863633,7.891334,5.648436,3.785936,108.917581,-714.715360,-703.649648,3473.655914,-6901.397849,-4111.182796
2.804259,4.979100,7.164680,8.736088,4.009782,7.861991,3.719785,8.386756,10.049664,7.591695,5.310196,3.522789,11.049372,7.988631,5.732348,3.841850,118.092069,-719.252959,-783.797545,4354.677419,-2669.032258,-3665.591398
2.782388,4.953884,7.121941,8.715661,4.027099,7.938900,3.713817,8.391819,10.118623,7.654451,5.333620,3.536962,11.305679,8.178769,5.878894,3.960375,104.482725,-707.502066,-706.115025,11762.508961,2277.634409,-1537.992832
2.771663,4.964445,7.201269,8.830074,3.981064,7.986754,3.666350,8.422359,10.272878,7.780252,5.388980,3.537770,11.530124,8.301627,5.954700,3.992098,93.086000,-691.313223,-662.587689,14328.673835,887.043011,-1267.526882
2.751242,4.947062,7.268041,8.882941,3.980275,8.021145,3.695247,8.369869,10.610857,8.013064,5.470148,3.556501,12.038397,8.649008,6.160852,4.099583,97.135614,-696.664599,-651.697755,11434.086022,-1696.559140,-1120.752688
2.747812,4.953126,7.293249,8.941198,3.990229,8.118455,3.703354,8.449814,10.725858,8.094697,5.520768,3.564709,12.202392,8.746987,6.219904,4.138465,98.681384,-685.577920,-672.805100,10026.433692,-2327.437276,-1356.971326
2.743793,4.994619,7.384377,9.053878,4.006320,8.245221,3.722753,8.443926,10.944060,8.229640,5.553759,3.534001,12.459275,8.902278,6.269707,4.122849,100.521005,-696.246577,-690.649435,5333.548387,-3432.258065,-2334.838710
2.765424,5.030475,7.440761,9.107937,4.050293,8.390578,3.763160,8.512316,11.076739,8.315740,5.594926,3.524172,12.613334,9.010756,6.314788,4.127147,101.433161,-700.051736,-692.512681,3573.763441,-5278.225806,-2734.139785
2.792425,5.082357,7.468309,9.168411,4.093128,8.648176,3.770982,8.651482,11.076262,8.304816,5.605383,3.489003,12.570857,8.945986,6.249086,4.074536,103.157777,-706.948459,-700.450551,3386.344086,-6125.376344,-2695.878136
2.849357,5.205981,7.622954,9.332598,4.155960,8.855147,3.790184,8.743373,11.242806,8.424749,5.663704,3.487318,12.718350,9.059525,6.301776,4.070362,103.891530,-706.816838,-696.810227,4296.218638,-5414.838710,-2353.154122
2.892080,5.271587,7.707739,9.403815,4.172782,9.063207,3.766240,8.918124,11.356622,8.518689,5.752646,3.503493,12.809575,9.116991,6.348123,4.098514,101.614193,-706.639757,-695.541675,4105.161290,-5046.021505,-2200.860215
2.937908,5.370653,7.793604,9.515362,4.203959,9.276791,3.749373,9.053036,11.458283,8.629232,5.844337,3.552572,12.967742,9.246262,6.484696,4.200190,99.385835,-713.737598,-692.416913,3641.881720,-5591.344086,-2114.928315
2.968449,5.447945,7.979907,9.684951,4.213609,9.384114,3.727638,9.167786,11.746426,8.821080,5.941292,3.577899,13.213260,9.430876,6.598932,4.256301,109.445807,-698.867610,-722.736752,3691.433692,-5688.817204,-2285.913978
3.004261,5.527417,8.063953,9.781116,4.227064,9.480613,3.713932,9.286046,11.958467,9.013915,6.094421,3.639039,13.526088,9.660521,6.792890,4.381677,94.885830,-704.853041,-684.157647,3035.591398,-5040.000000,-2626.505376
2.968594,5.508620,8.014955,9.700655,4.179377,9.503783,3.655841,9.161492,11.948911,9.027833,6.093269,3.654798,13.585572,9.727364,6.879716,4.467858,101.007256,-702.151543,-693.245113,214.265233,-7662.867384,-3471.397849
2.954468,5.500134,8.064636,9.724537,4.185787,9.498444,3.661106,9.107209,12.085949,9.103840,6.107123,3.641939,13.755627,9.836797,6.934086,4.494130,96.756058,-711.657496,-680.679979,-456.129032,-7352.258065,-3955.250896
2.938745,5.511547,8.041076,9.681941,4.165767,9.510930,3.617203,8.998894,12.066213,9.114801,6.111967,3.632478,13.816442,9.895568,6.997012,4.542195,103.243486,-699.729034,-707.418979,-1345.806452,-8178.709677,-4273.763441
2.859591,5.412515,7.871951,9.464512,4.080811,9.482329,3.515327,8.796122,11.893424,8.993672,6.017614,3.565564,13.681005,9.807459,6.940052,4.523811,96.508560,-710.647825,-681.683091,-304.713262,-6771.935484,-4103.530466
2.891911,5.477660,8.007728,9.600973,4.097439,9.743392,3.477267,8.921655,11.903509,9.000439,6.009090,3.528024,13.708216,9.825397,6.950468,4.527032,103.532960,-716.370010,-697.481418,1153.620072,-6388.817204,-3821.648746
2.857440,5.444612,7.937678,9.511772,4.064097,9.795666,3.415657,8.850594,11.778362,8.907150,5.938758,3.471678,13.606981,9.762288,6.911321,4.512465,95.933981,-693.943873,-701.161534,2889.193548,-4122.473118,-3426.989247
2.849905,5.426235,7.879760,9.447244,4.029245,10.007195,3.316968,8.959840,11.589903,8.786716,5.878804,3.427702,13.418908,9.648285,6.866749,4.527832,97.014051,-710.492150,-690.715030,1431.612903,-3137.706093,-2994.444444
2.875452,5.466573,7.974766,9.544708,4.054603,10.229389,3.311565,9.109125,11.595774,8.781857,5.873796,3.410244,13.423294,9.659086,6.889509,4.554159,96.256251,-708.223563,-686.038802,1598.960573,-3251.362007,-2700.519713
2.860429,5.428027,7.906725,9.473211,4.040349,10.314180,3.267567,9.132785,11.486310,8.703218,5.819681,3.402105,13.339795,9.611353,6.874042,4.573747,99.184688,-709.452320,-693.710376,1363.870968,-2482.365591,-2608.817204
2.879207,5.405341,7.799772,9.352361,4.063890,10.412647,3.255269,9.212648,11.274290,8.568394,5.769072,3.409415,13.133043,9.496178,6.849940,4.623001,96.910853,-698.559751,-696.652796,1739.587814,-1731.559140,-2377.240143
2.879353,5.389933,7.768523,9.324008,4.067372,10.414264,3.245552,9.244362,11.233226,8.547025,5.763748,3.408946,13.122933,9.501590,6.869909,4.647918,96.388749,-707.013180,-689.484538,807.885305,-1898.781362,-2284.659498
2.867469,5.346555,7.709489,9.235730,4.051726,10.393039,3.226441,9.192794,11.132240,8.460830,5.696755,3.389802,12.993071,9.417000,6.802966,4.617752,101.126195,-712.128433,-703.555630,1272.795699,-1944.946237,-2099.247312
2.865545,5.299833,7.611752,9.123757,4.039071,10.316633,3.204947,9.225453,10.962235,8.333737,5.652075,3.370468,12.768653,9.270527,6.716565,4.592986,93.491356,-700.813494,-701.182538,2777.419355,-296.559140,-1898.781362
2.898618,5.349159,7.628717,9.132868,4.067085,10.159139,3.223047,9.143378,10.929685,8.324669,5.677546,3.392749,12.703296,9.234882,6.705447,4.590807,94.823298,-714.010469,-686.054981,2464.050179,-996.182796,-1996.756272
2.876575,5.308247,7.600686,9.070208,4.036219,10.072470,3.230155,9.091910,10.810086,8.196090,5.587295,3.374404,12.465373,9.059675,6.564207,4.491865,99.552002,-715.570658,-693.773346,3943.333333,-1773.333333,-2170.000000
2.901590,5.319785,7.573534,9.036101,4.085815,9.944225,3.272653,9.079191,10.688600,8.090274,5.571775,3.401807,12.298662,8.935697,6.509269,4.481362,103.985541,-696.438982,-722.769538,6077.956989,-223.924731,-2248.781362
2.931375,5.361042,7.551180,9.004548,4.121508,9.691907,3.316697,8.926270,10.534837,7.984820,5.549070,3.431610,12.062686,8.776742,6.434101,4.439670,95.784432,-705.446867,-691.319352,6277.419355,-143.010753,-2627.383513
2.942028,5.378930,7.597988,9.014476,4.132610,9.673055,3.342988,8.929721,10.450475,7.899608,5.500495,3.475832,11.874891,8.637689,6.363326,4.406431,100.806109,-705.342335,-692.945565,6828.763441,-1641.236559,-2740.537634
3.037776,5.512631,7.700337,9.100597,4.227245,9.499809,3.382696,8.873871,10.428512,7.932009,5.595737,3.607078,11.780649,8.577892,6.398578,4.457310,98.743041,-702.601939,-694.539425,7939.605735,-319.641577,-2561.899642
3.094958,5.599850,7.815912,9.187102,4.248092,9.368570,3.384236,8.816568,10.440419,7.968121,5.646948,3.656510,11.648104,8.488062,6.370491,4.441052,99.069248,-703.850820,-696.538655,7832.974910,97.849462,-2613.207885
3.130136,5.672516,7.921222,9.268742,4.242976,9.322160,3.360165,8.812483,10.521015,8.065794,5.718340,3.733511,11.679027,8.533952,6.447699,4.519131,103.518970,-704.640540,-700.232783,7833.978495,210.752688,-2789.462366
3.192056,5.773730,8.055717,9.395790,4.259885,9.208605,3.309558,8.779034,10.667723,8.219381,5.827814,3.817455,11.760783,8.602927,6.527149,4.568684,102.627802,-699.723353,-696.251816,7557.365591,-40.645161,-2800.000000
3.224208,5.833864,8.105171,9.464262,4.254022,9.076801,3.308983,8.765961,10.742887,8.311645,5.914148,3.846557,11.826869,8.661919,6.587305,4.603305,107.274293,-694.261352,-713.875790,7122.688172,-457.383513,-2825.591398
3.244517,5.878902,8.106176,9.464256,4.221573,8.988410,3.266888,8.717076,10.772459,8.356017,5.952189,3.871348,11.760585,8.645084,6.588851,4.628508,103.723614,-694.719171,-700.983151,7417.741935,2.258065,-2745.430108
3.259508,5.912783,8.120318,9.500454,4.226334,8.902261,3.268231,8.666586,10.794579,8.393458,5.966357,3.883709,11.800861,8.683585,6.623874,4.646031,106.861506,-697.427210,-699.583868,7031.111111,-597.634409,-2767.885305
3.300934,5.972694,8.119942,9.528346,4.228680,8.791153,3.285798,8.693173,10.708309,8.366969,6.004715,3.908479,11.603342,8.564464,6.579440,4.645320,106.141313,-691.602706,-703.283221,7351.881720,-379.354839,-2666.021505
3.332747,6.013428,8.131388,9.533753,4.219450,8.721607,3.288816,8.670154,10.754214,8.396028,6.002168,3.904357,11.500159,8.513543,6.515683,4.606402,105.646753,-692.359194,-701.408193,7063.978495,-303.333333,-2503.440860
3.348947,6.053145,8.214998,9.633304,4.212376,8.706332,3.281075,8.732659,10.748824,8.395533,5.997328,3.899379,11.380693,8.440171,6.479270,4.596380,106.619257,-691.559850,-702.849001,6723.888889,-175.250896,-2380.000000
3.347037,6.025331,8.223795,9.632795,4.175148,8.633838,3.270299,8.790903,10.733338,8.358147,5.973421,3.869798,11.194210,8.303893,6.356281,4.517671,104.363787,-698.202079,-699.589112,6504.229391,416.487455,-2114.551971
3.335248,5.992874,8.267324,9.623183,4.135432,8.605016,3.268141,8.788546,10.789298,8.352229,5.900792,3.825287,11.118470,8.257081,6.286781,4.476699,102.931271,-699.284320,-698.019720,6213.817204,812.526882,-1806.827957
3.298768,5.950193,8.296926,9.649857,4.095527,8.501091,3.235361,8.806095,10.794133,8.314075,5.868741,3.809030,10.990021,8.159796,6.217812,4.465239,100.395068,-700.287880,-700.220541,6177.060932,1529.964158,-1493.082437
3.237123,5.846988,8.249842,9.562439,4.017752,8.406462,3.207807,8.791095,10.780502,8.269349,5.805897,3.770403,10.947559,8.113323,6.139617,4.384391,97.889480,-700.837967,-701.430904,6415.286738,1391.093190,-1546.021505
3.205228,5.790719,8.177715,9.428637,3.985478,8.164551,3.203861,8.631567,10.702527,8.205901,5.750239,3.769903,10.849845,8.056318,6.130765,4.425337,96.225205,-700.495148,-695.043189,6701.935484,1577.634409,-1589.677419
3.144733,5.696609,8.083944,9.320062,3.966283,7.942689,3.186064,8.531264,10.582881,8.103425,5.677845,3.752483,10.743591,7.977506,6.064787,4.414397,99.081054,-699.586934,-708.439134,6651.379928,1796.415771,-1858.763441
3.093384,5.645349,8.018659,9.223321,3.895947,7.763486,3.122698,8.455989,10.505538,8.060495,5.645640,3.731724,10.676726,7.940273,6.034652,4.375649,94.363283,-694.890160,-699.495528,6852.473118,2480.358423,-2153.440860
3.110244,5.650800,7.911950,9.088172,3.955741,7.447918,3.142577,8.316919,10.319100,7.970807,5.627294,3.747902,10.497704,7.829995,5.999821,4.425434,94.191873,-697.384801,-699.847119,6219.462366,2673.172043,-2279.892473
3.113243,5.663460,7.897184,9.069277,4.007282,7.386718,3.166538,8.299290,10.248284,7.918604,5.592878,3.740527,10.391206,7.767183,5.934779,4.399654,93.255226,-698.523910,-699.017161,5758.064516,3174.336918,-2415.627240
3.129199,5.705774,7.870907,9.031303,4.011355,7.291965,3.118204,8.325975,10.116408,7.875206,5.601139,3.743349,10.217926,7.663959,5.900052,4.412570,93.702124,-701.014188,-699.150529,5217.885305,3736.971326,-2602.670251
3.218356,5.832359,7.882953,9.057077,4.167061,7.317561,3.207461,8.407860,9.983146,7.829996,5.640040,3.803015,10.009964,7.539191,5.876856,4.480399,95.362022,-702.554730,-694.497463,4540.215054,3882.365591,-2960.322581
3.238476,5.867988,7.868919,9.053372,4.194840,7.320517,3.221802,8.429915,9.938104,7.804646,5.625865,3.812733,9.932702,7.505256,5.859689,4.500000,96.928782,-713.078636,-687.813257,4110.430108,3904.318996,-3246.594982
3.309856,5.984954,7.891380,9.092481,4.244954,7.304634,3.199697,8.524689,9.816589,7.801327,5.709291,3.876143,9.794161,7.425165,5.907518,4.605190,105.810295,-703.510606,-713.543448,4867.383513,3918.494624,-3396.630824
3.363786,6.067356,7.852575,9.068222,4.321120,7.259159,3.267610,8.512409,9.713768,7.779943,5.733182,3.935123,9.671751,7.362205,5.921220,4.666187,97.138237,-705.683445,-689.343299,4663.279570,4477.365591,-3757.795699
3.383853,6.097476,7.868865,9.103467,4.307490,7.294589,3.233594,8.572217,9.695462,7.771878,5.735276,3.937562,9.657134,7.357131,5.936583,4.717247,102.320832,-708.380980,-691.232762,3906.702509,2860.716846,-4387.670251
3.442898,6.191614,7.922166,9.171757,4.326396,7.186114,3.214078,8.576152,9.689234,7.831703,5.817093,3.970675,9.659983,7.362733,5.979030,4.763995,104.102732,-702.629504,-692.836259,3387.473118,2625.752688,-4965.232975
3.431495,6.163180,7.871538,9.092305,4.295634,7.110431,3.205962,8.474071,9.575345,7.742155,5.732544,3.925616,9.492295,7.247245,5.894411,4.728802,103.177895,-698.406728,-677.978928,2021.720430,1547.526882,-5747.526882
3.441007,6.163172,7.844188,9.085793,4.297556,7.118987,3.185288,8.503557,9.476750,7.675087,5.702182,3.903460,9.430866,7.197093,5.864148,4.723895,110.057558,-704.197571,-677.994670,-1322.222222,-1034.444444,-6797.777778
3.402815,6.088917,7.750336,8.951568,4.247667,6.905596,3.164746,8.277340,9.327182,7.548425,5.592759,3.801757,9.225531,7.044418,5.719153,4.615171,114.975603,-700.419933,-682.370927,-2076.917563,-1212.831541,-6686.630824
3.316033,5.913515,7.527104,8.659006,4.186287,6.765310,3.157965,8.026288,8.968499,7.233091,5.349672,3.673210,8.826993,6.736055,5.484552,4.485754,115.867206,-700.285248,-687.687781,-3385.215054,-1514.032258,-6410.268817
3.267116,5.829030,7.403384,8.512439,4.163457,6.637993,3.161789,7.875865,8.807058,7.096895,5.248776,3.604777,8.700499,6.641202,5.397888,4.425649,116.894367,-700.902678,-688.923076,-4680.215054,-1850.609319,-6206.666667
3.228499,5.716014,7.223668,8.256777,4.146273,6.495642,3.185866,7.625460,8.515550,6.868531,5.088375,3.528754,8.349184,6.393458,5.220926,4.336783,118.584874,-710.230674,-694.457241,-5614.928315,-2111.415771,-5513.189964
3.166884,5.583371,7.109131,8.069933,4.107127,6.412221,3.191242,7.474832,8.315720,6.671299,4.913849,3.445642,8.139643,6.207242,5.048575,4.238286,115.330667,-696.722332,-701.702031,-5155.913978,-1187.741935,-4122.473118
3.169590,5.576237,7.132437,8.100855,4.087633,6.449080,3.179730,7.593594,8.363131,6.729185,4.933466,3.427496,8.258508,6.331829,5.102569,4.252864,116.224896,-703.616415,-702.336515,-5388.745520,-495.268817,-2898.727599
3.143048,5.467078,6.980631,7.917733,4.057906,6.472852,3.172129,7.631521,8.101587,6.543582,4.810184,3.372507,8.010414,6.161597,4.978379,4.204418,111.918165,-701.137053,-692.113446,-4328.458781,812.903226,-1289.103943
3.134815,5.443998,7.049737,7.984874,4.031390,6.477106,3.167847,7.740419,8.212750,6.614326,4.797144,3.357509,8.223904,6.304517,5.010385,4.198578,114.367785,-703.751095,-704.072483,-4893.225806,1568.978495,-38.387097
3.137453,5.430268,7.007869,7.984762,4.004077,6.479829,3.145618,7.893847,8.176475,6.635669,4.822434,3.340638,8.318973,6.406121,5.072382,4.226364,113.069077,-698.517774,-706.696599,-4179.677419,2635.161290,1290.107527
3.119395,5.374607,6.843482,7.854476,3.995139,6.421495,3.136934,7.907098,7.963743,6.517488,4.766586,3.327107,8.245258,6.348900,5.047161,4.234110,110.240338,-699.033774,-703.994648,-4416.648746,2904.372760,2291.810036
3.132903,5.407849,6.941129,7.975138,3.975626,6.387485,3.125513,7.980477,8.160875,6.680090,4.835359,3.358826,8.613771,6.605655,5.190307,4.296904,106.630622,-700.820483,-698.480162,-4913.548387,3083.010753,3063.440860
3.134129,5.407527,6.834424,7.932134,3.971925,6.273870,3.115205,7.961569,8.055389,6.652575,4.852668,3.363859,8.661302,6.639504,5.245610,4.343350,105.170123,-701.242895,-702.284037,-5435.412186,3526.971326,3597.598566
3.137866,5.419752,6.779486,7.934035,3.973366,6.257536,3.107374,7.984534,8.050360,6.691629,4.885069,3.389556,8.815246,6.737138,5.320021,4.398936,103.380792,-704.802324,-703.122303,-5835.340502,3535.125448,4148.064516
3.135936,5.424762,6.797379,7.966407,3.960495,6.194129,3.106950,7.938495,8.126719,6.749049,4.903138,3.395308,8.985144,6.839424,5.380184,4.419320,103.103117,-707.177590,-707.917468,-5836.344086,3588.440860,4632.419355
3.140710,5.427673,6.752912,7.964558,3.988620,6.144757,3.137827,7.899782,8.113580,6.745392,4.892839,3.373040,9.024988,6.855148,5.380284,4.423956,100.463283,-702.462896,-709.809138,-5196.057348,4552.759857,5091.182796
3.143215,5.428596,6.712700,7.946802,4.011859,6.154834,3.179158,7.897660,8.138261,6.783176,4.924753,3.412039,9.126091,6.909705,5.425369,4.459350,100.621139,-706.653727,-705.445110,-4748.458781,5378.207885,5323.637993
3.144018,5.424939,6.738290,7.969227,3.992937,6.121556,3.163486,7.871723,8.172156,6.795766,4.915683,3.394073,9.125036,6.905788,5.408602,4.438493,98.636347,-708.492046,-704.635287,-3959.892473,6054.623656,5548.817204
3.142766,5.419660,6.721501,7.966296,4.022396,6.182050,3.216430,7.862661,8.229240,6.812810,4.922583,3.392779,9.171598,6.924822,5.403362,4.434589,96.433784,-703.957494,-700.081493,-2967.724014,7090.197133,5498.512545
3.122728,5.374782,6.681166,7.920038,3.981972,6.173873,3.193204,7.855925,8.229767,6.819922,4.940636,3.416809,9.201032,6.943882,5.438579,4.471737,97.215197,-704.568813,-698.408473,-3239.569892,6636.200717,5014.408602
3.112034,5.358496,6.680643,7.915293,3.946016,6.198841,3.156507,7.847507,8.260646,6.826671,4.948752,3.404967,9.191507,6.938071,5.418407,4.451682,98.497292,-701.597093,-698.463116,-3536.505376,6561.935484,4351.290323
3.079760,5.289667,6.652888,7.866373,3.900447,6.203121,3.134369,7.824848,8.287658,6.820227,4.933459,3.390555,9.240823,6.971626,5.431870,4.458069,100.739644,-701.594463,-699.715041,-3807.347670,6371.003584,3606.129032
3.064708,5.254167,6.673791,7.877647,3.840309,6.254566,3.066650,7.874263,8.352470,6.857174,4.967212,3.392527,9.315707,7.029109,5.468277,4.484439,102.256114,-700.043881,-700.095486,-4082.831541,5834.838710,2793.476703
3.047315,5.211990,6.652052,7.845394,3.827993,6.274277,3.042847,7.882085,8.331734,6.830224,4.944804,3.374661,9.295461,7.022095,5.446398,4.462414,104.143397,-698.490673,-698.527412,-4502.580645,5295.913978,2185.806452
3.027698,5.151597,6.663830,7.851992,3.797185,6.343017,3.016184,7.956362,8.349992,6.817838,4.925412,3.337846,9.353143,7.069446,5.462032,4.457127,104.108414,-696.487511,-694.341361,-5463.637993,4412.885305,1675.860215
3.025076,5.128336,6.659409,7.840808,3.822910,6.390884,3.039014,7.982638,8.362889,6.809102,4.925053,3.340051,9.359240,7.076947,5.455575,4.459615,107.959068,-698.958579,-700.858088,-7353.512545,2769.892473,1047.240143
2.988736,5.046509,6.592890,7.774484,3.810434,6.420622,3.023258,8.006909,8.258284,6.722065,4.850182,3.284746,9.294703,7.046403,5.421172,4.428805,107.089762,-699.457481,-692.591386,-8323.225806,2046.559140,617.580645
2.987973,5.029094,6.600019,7.782616,3.827158,6.461401,3.046988,8.031861,8.257957,6.704643,4.848822,3.275729,9.317258,7.065670,5.431853,4.429932,103.797076,-702.716510,-687.509784,-9967.598566,1462.222222,122.939068
2.965461,4.984559,6.556175,7.736111,3.813500,6.466675,3.049609,8.023447,8.228220,6.668873,4.822316,3.260831,9.273086,7.040174,5.410563,4.426936,106.435598,-707.347241,-684.458056,-11806.917563,189.175627,-405.197133
2.959546,4.970501,6.533964,7.706668,3.816393,6.468200,3.050240,7.986017,8.198429,6.644006,4.811318,3.240779,9.266727,7.044002,5.412626,4.423907,106.722453,-707.904351,-685.028708,-13291.720430,-816.666667,-931.827957
2.943387,4.943812,6.507368,7.680400,3.795429,6.456126,3.047291,7.950991,8.170828,6.613979,4.796883,3.224860,9.242691,7.031990,5.401340,4.408552,106.593018,-706.669495,-681.683532,-15120.752688,-1751.756272,-1535.860215
2.946752,4.944754,6.495058,7.667033,3.791903,6.461132,3.059399,7.940182,8.173497,6.630753,4.816904,3.227295,9.244242,7.038898,5.413940,4.420061,106.112888,-709.823100,-685.585775,-16535.555556,-2768.888889,-2037.777778
2.923173,4.895699,6.393447,7.549665,3.794614,6.424139,3.079125,7.811085,8.057213,6.539949,4.762076,3.185741,9.136760,6.967403,5.360525,4.382936,108.429141,-710.172500,-690.718092,-18104.032258,-3413.440860,-2397.688172
2.892211,4.841435,6.313788,7.449190,3.761980,6.331053,3.083503,7.680510,7.991964,6.492667,4.722539,3.154146,9.080445,6.925305,5.316189,4.330297,110.855586,-709.082365,-698.697950,-18377.132616,-3297.275986,-2428.924731
2.858220,4.782250,6.189535,7.304624,3.746582,6.249372,3.096107,7.521337,7.860812,6.405075,4.667865,3.104436,8.948432,6.820252,5.246319,4.283470,111.837708,-708.567713,-697.134681,-18379.014337,-2862.974910,-2283.028674
2.787770,4.648830,5.935689,7.006328,3.738581,6.063165,3.115420,7.198894,7.566514,6.174387,4.519663,3.026281,8.659529,6.603268,5.082311,4.166119,111.547355,-706.975582,-695.142874,-18489.032258,-2800.000000,-2078.924731
2.754105,4.588349,5.832013,6.854198,3.692476,5.899731,3.112288,6.967735,7.491050,6.116145,4.468828,2.991858,8.566954,6.519094,4.995257,4.069073,110.525003,-708.103754,-696.463037,-19038.996416,-3075.358423,-2149.677419
2.678008,4.472476,5.619276,6.604754,3.669683,5.761776,3.111503,6.657023,7.211104,5.874990,4.308655,2.869474,8.199663,6.213042,4.758834,3.906285,111.074222,-706.608258,-704.987721,-19380.465950,-3170.573477,-1908.566308
2.619428,4.352630,5.371814,6.332040,3.654179,5.622314,3.113613,6.389557,6.910905,5.641782,4.176255,2.822218,7.870879,5.954834,4.557277,3.738315,107.981809,-709.268653,-696.850888,-18994.838710,-2698.387097,-1355.215054
2.597862,4.318829,5.318596,6.242237,3.597103,5.505075,3.088886,6.182777,6.852924,5.585165,4.132808,2.782143,7.725707,5.827004,4.435308,3.629751,108.650840,-712.541214,-696.598136,-19223.154122,-2855.197133,-912.258065
2.548437,4.243359,5.226301,6.147765,3.556396,5.455486,3.058587,6.077948,6.700162,5.435967,4.030614,2.691080,7.434671,5.581443,4.210781,3.434494,108.127858,-708.970860,-714.638845,-19147.383513,-2475.089606,-557.365591
2.512157,4.185082,5.178489,6.109035,3.478751,5.394831,2.999029,6.014508,6.678391,5.415914,4.028888,2.692296,7.369565,5.518292,4.145355,3.353465,99.869462,-711.719151,-691.768867,-18920.322581,-1775.591398,-264.193548
2.496059,4.168250,5.191323,6.112535,3.413217,5.332193,2.950352,5.963705,6.711131,5.428862,4.029498,2.649784,7.321548,5.479319,4.072857,3.263579,104.232166,-714.548762,-705.734586,-18844.551971,-2218.297491,-164.587814
2.428240,4.066603,5.165688,6.069158,3.314786,5.215573,2.890100,5.872079,6.741563,5.403267,3.986596,2.594491,7.250737,5.396144,3.954714,3.130618,101.101708,-716.345525,-710.610230,-16846.164875,-348.745520,422.508961
2.384833,4.010779,5.169699,6.076057,3.227018,5.168164,2.827245,5.869953,6.789200,5.424209,4.005647,2.582293,7.279391,5.392736,3.938543,3.103744,96.160925,-715.751705,-706.063863,-14296.182796,1336.774194,895.698925
2.372645,3.998007,5.179778,6.071213,3.191950,5.094453,2.806808,5.828252,6.864675,5.465505,4.031655,2.564236,7.280543,5.393632,3.909078,3.046678,95.442480,-715.297808,-697.878483,-11556.021505,2297.204301,1318.960573
2.284546,3.853198,5.141452,5.991655,3.098550,4.982858,2.764954,5.720284,6.858509,5.381657,3.943565,2.495774,7.183922,5.264772,3.770564,2.933264,92.838066,-706.139925,-708.591747,-9007.043011,3653.548387,1418.315412
2.293827,3.872895,5.195506,6.059049,3.091599,5.010507,2.736146,5.815905,6.921844,5.422526,3.999864,2.506112,7.236903,5.283794,3.787279,2.921003,90.663056,-697.546164,-697.871484,-8022.150538,4352.043011,1151.612903
2.261931,3.821720,5.134757,5.995718,3.082873,4.981361,2.738610,5.775522,6.881237,5.363355,3.955671,2.467228,7.110106,5.178188,3.693571,2.830984,90.231465,-691.176801,-701.336027,-8396.738351,3870.573477,951.899642
2.216185,3.742314,5.129848,5.977026,3.032641,5.004507,2.681286,5.779702,6.837543,5.264556,3.893280,2.427507,6.999972,5.035303,3.574644,2.744583,86.076905,-696.735445,-683.999364,-10451.326165,2282.903226,720.071685
2.212683,3.743693,5.080274,5.954090,3.071453,5.003234,2.710298,5.770463,6.787804,5.213856,3.886256,2.421454,6.949506,4.986935,3.553414,2.715897,93.263099,-700.951667,-698.409350,-11952.311828,847.903226,215.268817
2.171923,3.684480,5.005111,5.877792,3.034868,4.986971,2.677623,5.721325,6.672674,5.114401,3.823651,2.392056,6.781285,4.851060,3.461653,2.651784,87.317018,-689.871086,-701.911929,-12038.996416,197.706093,261.433692
2.119005,3.612599,4.933058,5.807642,3.010898,4.932750,2.666944,5.620750,6.604072,5.007756,3.763664,2.357407,6.686089,4.741080,3.382970,2.603003,84.810991,-693.580920,-690.995333,-12632.491039,-1382.437276,329.426523
2.098678,3.579436,4.838183,5.698143,3.030319,4.812166,2.700083,5.471145,6.475172,4.915471,3.706899,2.355973,6.556276,4.650920,3.346907,2.597890,88.055142,-702.407794,-692.752740,-13037.311828,-1723.655914,106.881720
2.063064,3.532633,4.785684,5.633311,2.991419,4.740475,2.672462,5.388298,6.401674,4.853899,3.672613,2.342119,6.442294,4.569534,3.310409,2.587029,92.298904,-701.911044,-706.099279,-12057.813620,-1460.089606,-87.186380
2.030234,3.488023,4.739172,5.564110,2.972149,4.619488,2.669030,5.253173,6.368448,4.814723,3.632435,2.329142,6.409131,4.547706,3.301621,2.591734,90.621076,-692.533224,-714.355042,-10911.971326,-570.537634,-265.949821
2.020907,3.472324,4.722512,5.537380,2.960011,4.586222,2.664993,5.231116,6.337732,4.799220,3.621339,2.334721,6.356256,4.522778,3.305459,2.600387,93.059766,-687.825530,-712.661035,-10004.731183,-1308.548387,-276.989247
2.004567,3.452754,4.701389,5.505628,2.931241,4.545937,2.640953,5.179670,6.325076,4.789149,3.614429,2.332539,6.309702,4.508579,3.323254,2.626737,100.174680,-690.503404,-725.013205,-8166.917563,-1069.318996,-459.892473
1.996180,3.435327,4.673299,5.453241,2.904844,4.489783,2.609004,5.105506,6.288515,4.773845,3.603169,2.336249,6.274314,4.493680,3.326812,2.633403,97.357313,-685.789565,-720.924692,-5467.401434,776.523297,-117.043011
1.999875,3.440215,4.678909,5.467167,2.900257,4.497362,2.600246,5.137852,6.274515,4.771960,3.606503,2.350491,6.212949,4.468092,3.346458,2.651148,100.779873,-689.113710,-723.871928,-3406.666667,582.580645,-54.193548
1.995128,3.413349,4.632963,5.383213,2.887103,4.452928,2.586489,5.047401,6.208059,4.728989,3.579051,2.348217,6.135322,4.430023,3.342546,2.662630,100.308927,-681.775376,-720.744947,-551.344086,1451.057348,156.182796
1.987899,3.378704,4.548712,5.281709,2.862373,4.407128,2.549685,4.973477,6.061772,4.640132,3.540493,2.349128,5.981061,4.334779,3.316149,2.665434,99.139212,-683.039099,-720.559122,-453.870968,1565.089606,-66.236559
1.981193,3.363632,4.531432,5.274127,2.846400,4.403423,2.529480,4.986621,6.019257,4.620067,3.520934,2.342690,5.936018,4.321045,3.326842,2.670506,100.690669,-685.843338,-717.726003,221.666667,1925.000000,-385.000000
1.942176,3.258784,4.396775,5.100370,2.803610,4.352548,2.495032,4.861603,5.818444,4.457822,3.410145,2.293320,5.740434,4.190232,3.244914,2.626607,104.299069,-688.288153,-720.160311,1317.706093,2548.100358,-895.698925
1.916082,3.190116,4.277395,4.972109,2.751624,4.303004,2.439859,4.791734,5.659404,4.345630,3.349657,2.257338,5.591267,4.104177,3.209152,2.622094,105.687857,-685.682862,-718.470700,2081.057348,2546.971326,-1685.394265
1.868607,3.109633,4.196542,4.892537,2.701697,4.242081,2.395412,4.742095,5.548831,4.258676,3.274145,2.209536,5.505098,4.048672,3.171151,2.586007,104.384773,-685.217616,-709.987551,2551.612903,1896.021505,-2509.462366
1.801934,2.961525,4.068138,4.713191,2.610633,4.105192,2.334387,4.585656,5.397189,4.101982,3.142163,2.125604,5.345676,3.934851,3.072151,2.515752,105.705785,-687.949253,-705.006981,2580.716846,737.759857,-3441.917563
1.776436,2.903162,3.965328,4.593482,2.579287,4.033271,2.312954,4.506444,5.289224,4.007885,3.086969,2.082937,5.231312,3.862495,3.025465,2.496302,111.043614,-687.728422,-709.387601,2249.032258,-292.544803,-4286.308244
1.724547,2.825931,3.929351,4.537842,2.521749,3.935464,2.264181,4.422409,5.234452,3.949843,3.021911,2.040105,5.151913,3.804456,2.979902,2.453553,115.257204,-684.418682,-724.775763,2559.892473,-753.440860,-4653.870968
1.690565,2.754200,3.887780,4.467004,2.444331,3.805645,2.224146,4.322846,5.192844,3.897131,2.962772,1.983593,5.101600,3.764564,2.925075,2.386741,111.258753,-683.633788,-703.771227,2218.673835,-887.670251,-4896.236559
1.715446,2.792227,3.904841,4.450747,2.482259,3.777079,2.242399,4.245124,5.170133,3.881137,2.965944,1.989655,5.011946,3.702994,2.893380,2.376590,113.300832,-685.109596,-698.543149,1171.559140,-2633.655914,-5154.157706
1.695995,2.777682,3.907824,4.467504,2.437000,3.762747,2.194971,4.235182,5.129246,3.874123,2.952528,1.972011,4.973021,3.691236,2.882742,2.347199,113.441635,-684.816191,-694.560439,-180.645161,-2285.161290,-5118.279570
1.735584,2.847147,3.933255,4.489205,2.439768,3.714666,2.179746,4.193788,5.052002,3.873841,2.977220,1.992414,4.890411,3.637871,2.874875,2.312066,114.179323,-689.616591,-694.810984,-2332.455197,-2640.931900,-5182.885305
1.770712,2.910888,3.956401,4.510839,2.476491,3.728735,2.194693,4.145362,5.025781,3.886349,3.012387,2.015603,4.836272,3.608528,2.879178,2.317673,113.404029,-690.622326,-694.742339,-4058.996416,-3214.480287,-4978.781362
1.770282,2.930655,3.921628,4.493165,2.445412,3.732289,2.134579,4.132313,4.882276,3.850357,3.011824,2.021268,4.735115,3.562706,2.870045,2.295779,115.169313,-690.704983,-695.364596,-5902.204301,-3690.806452,-4577.849462
1.783318,2.969084,3.876037,4.465689,2.426361,3.682678,2.105848,4.081849,4.724061,3.806249,3.022492,2.029609,4.606105,3.480525,2.869385,2.281407,115.089292,-690.301374,-695.501458,-7178.136201,-3803.082437,-3905.949821
1.776418,2.965362,3.822682,4.399513,2.410449,3.602229,2.086695,3.960606,4.637196,3.769329,3.020599,2.022042,4.541038,3.436388,2.856644,2.272885,113.287278,-688.544836,-696.118014,-8540.752688,-3692.688172,-3506.021505
1.750032,2.936733,3.743556,4.316415,2.365697,3.564155,2.024648,3.892832,4.479208,3.687011,2.986885,2.000022,4.401081,3.350472,2.819310,2.249239,112.436775,-690.291746,-698.645484,-10177.096774,-3576.774194,-2889.569892
1.707102,2.878500,3.657702,4.208941,2.292710,3.405933,1.986058,3.747417,4.365462,3.608613,2.936356,1.940421,4.294869,3.269821,2.773515,2.206004,111.836396,-690.322345,-698.891221,-11484.641577,-3336.164875,-2502.813620
1.668583,2.810965,3.574572,4.097771,2.237034,3.290943,1.932742,3.626296,4.282222,3.537620,2.897549,1.896755,4.221106,3.216518,2.735233,2.179626,110.749765,-690.471018,-700.126099,-13001.935484,-3039.856631,-2101.505376
1.640824,2.766647,3.529315,4.038398,2.204752,3.242078,1.897154,3.579827,4.216418,3.475050,2.857054,1.855272,4.144094,3.165775,2.691690,2.155885,110.394258,-691.404188,-702.705571,-14318.387097,-2840.268817,-1657.043011
1.617444,2.727586,3.500034,4.012243,2.135305,3.173019,1.859487,3.556917,4.194254,3.444497,2.831078,1.791376,4.112021,3.155276,2.660973,2.108646,110.577477,-690.417690,-710.216666,-15233.154122,-2497.921147,-1312.688172
1.597239,2.680270,3.430014,3.947568,2.107468,3.103439,1.825482,3.532105,4.109160,3.389804,2.812956,1.770037,4.070616,3.140505,2.660145,2.099175,108.548079,-689.308750,-713.947930,-15610.878136,-1854.498208,-588.225806
1.607262,2.684043,3.411722,3.930155,2.118214,3.092589,1.831986,3.542063,4.073839,3.360689,2.808603,1.758140,4.034326,3.125856,2.635887,2.086559,107.575139,-686.631739,-712.222889,-16203.870968,-1639.354839,-305.591398
1.598181,2.662827,3.397017,3.918374,2.082636,3.023995,1.822876,3.520237,4.064346,3.343962,2.794584,1.719934,4.023120,3.128087,2.617092,2.039334,104.274583,-687.229512,-709.677513,-17333.530466,-1813.351254,-251.146953
1.589833,2.645797,3.352574,3.878518,2.068427,2.992420,1.809752,3.516968,4.010874,3.313417,2.792513,1.715554,4.002458,3.119330,2.618990,2.029107,103.662395,-687.663726,-711.260015,-18074.301075,-2060.107527,-369.820789
1.595165,2.638440,3.312680,3.824601,2.074416,2.970325,1.816132,3.492130,3.943991,3.257992,2.775959,1.704317,3.926209,3.061965,2.579224,1.999539,102.977185,-687.085644,-710.984524,-18822.096774,-2490.645161,-573.172043
1.572589,2.598380,3.279256,3.793441,2.040863,2.947237,1.802389,3.479110,3.912637,3.212874,2.739333,1.664181,3.886327,3.030505,2.542394,1.944997,102.702137,-691.726884,-708.500784,-19395.770609,-2860.215054,-804.874552
1.541904,2.556159,3.190817,3.711749,2.005116,2.942259,1.764799,3.458053,3.798387,3.115679,2.693017,1.632076,3.781106,2.947801,2.497860,1.896306,101.218458,-692.772851,-707.836137,-20034.677419,-3154.641577,-1098.297491
1.535366,2.538338,3.143883,3.645235,1.999638,2.934835,1.756633,3.420345,3.717723,3.053760,2.669078,1.620232,3.706158,2.885391,2.470801,1.870412,101.286237,-693.836302,-702.662284,-20310.537634,-3536.881720,-1421.075269
1.514052,2.498165,3.089035,3.601194,1.990490,2.927284,1.751567,3.395613,3.657121,2.986987,2.621522,1.599284,3.644096,2.837839,2.441416,1.840240,101.323407,-697.640174,-704.864412,-21083.673835,-4177.293907,-1763.422939
1.483642,2.445174,2.982984,3.484610,1.975813,2.927926,1.740477,3.337770,3.525665,2.873858,2.565749,1.592733,3.560150,2.769176,2.428861,1.836047,100.188675,-687.511539,-699.408934,-21296.057348,-4544.731183,-2200.860215
1.480919,2.443563,2.973148,3.468788,1.972454,2.937508,1.734297,3.334786,3.510529,2.863806,2.561342,1.590325,3.558379,2.767149,2.431541,1.832693,101.106517,-690.278631,-696.103124,-23007.043011,-5591.344086,-3027.311828
1.462554,2.402610,2.909926,3.410907,1.975364,2.962585,1.732205,3.304807,3.435133,2.787935,2.510208,1.590506,3.497849,2.718218,2.419619,1.841681,103.401779,-691.089342,-698.653347,-24251.111111,-6797.777778,-3608.888889
1.448583,2.369917,2.841337,3.336190,1.980274,2.974699,1.743186,3.259131,3.357881,2.711632,2.479365,1.585291,3.434973,2.670446,2.402039,1.846172,104.396145,-691.422112,-702.817962,-25170.017921,-6632.939068,-3910.967742
1.439364,2.354160,2.821026,3.312635,1.974750,2.964172,1.738302,3.227560,3.332909,2.685020,2.450782,1.577727,3.401694,2.641116,2.383238,1.839648,106.000946,-688.247919,-707.620994,-26472.043011,-6575.483871,-4010.322581
1.432388,2.339626,2.775593,3.269724,1.977483,2.948860,1.736335,3.189577,3.269548,2.638584,2.430687,1.579989,3.337913,2.597545,2.369924,1.844195,105.049873,-691.550229,-708.342064,-27602.580645,-6545.627240,-3950.483871
1.431931,2.312025,2.699900,3.176432,1.998417,2.936270,1.757648,3.118424,3.169595,2.563098,2.389983,1.579649,3.231142,2.512540,2.326049,1.847565,105.867141,-695.205851,-708.986153,-28191.935484,-6298.745520,-3833.440860
1.391873,2.246561,2.603522,3.080723,1.951929,2.861058,1.722095,3.046236,3.084965,2.496177,2.328131,1.548970,3.182417,2.476977,2.299310,1.837503,102.945699,-696.437675,-708.145717,-28170.107527,-5670.376344,-3636.989247
1.368505,2.206529,2.527915,2.988799,1.918913,2.807098,1.686906,2.993572,2.988485,2.444646,2.285404,1.528726,3.115295,2.435404,2.279835,1.836742,102.822824,-699.830484,-707.969064,-28238.351254,-5415.340502,-3608.387097
1.334016,2.119054,2.360801,2.790071,1.890508,2.755015,1.660283,2.878644,2.794467,2.308955,2.198305,1.508941,2.960512,2.304129,2.205469,1.830858,102.054970,-699.153155,-705.570167,-28054.569892,-5412.831541,-3733.835125
1.264918,2.009850,2.250992,2.650741,1.803665,2.624444,1.600576,2.765906,2.728284,2.253869,2.120090,1.453623,2.968842,2.327369,2.203602,1.841612,102.747614,-697.672089,-707.836138,-27900.645161,-5678.279570,-3661.827957
1.232133,1.947008,2.131352,2.482055,1.761930,2.555585,1.563050,2.657888,2.565811,2.163812,2.057185,1.433402,2.855876,2.235431,2.154803,1.830387,102.789156,-696.038868,-709.431325,-27242.168459,-5634.247312,-3711.129032
1.210973,1.877008,2.011226,2.312366,1.751257,2.440630,1.559705,2.543444,2.414737,2.087831,2.013166,1.453377,2.768261,2.171638,2.133129,1.863215,101.715642,-696.377758,-714.127678,-27059.641577,-5705.376344,-3611.397849
1.199707,1.856505,2.001516,2.276391,1.735344,2.394460,1.552803,2.495294,2.409663,2.096152,2.003887,1.447683,2.794568,2.208760,2.157477,1.891230,101.523680,-693.749746,-715.536569,-26448.333333,-5924.784946,-3705.483871
1.206951,1.843874,1.923739,2.163055,1.750422,2.350046,1.561283,2.425459,2.258623,2.036071,2.002229,1.476402,2.685377,2.131136,2.129793,1.907087,99.766268,-692.465018,-718.851119,-26009.641577,-6001.935484,-3714.265233
1.230653,1.864119,1.918633,2.161534,1.789082,2.322573,1.593124,2.421408,2.226181,2.046172,2.036154,1.527093,2.677455,2.131781,2.154654,1.955610,100.632511,-690.100227,-715.776188,-25412.759857,-6371.630824,-3682.275986
1.246408,1.879047,1.920463,2.146216,1.802491,2.293420,1.608053,2.378845,2.212593,2.065636,2.063946,1.551098,2.689980,2.157567,2.185206,1.991920,97.815142,-687.334883,-715.539179,-25451.397849,-6903.655914,-3764.946237
1.265041,1.892818,1.901799,2.130190,1.829757,2.274506,1.635532,2.361194,2.164044,2.056891,2.098054,1.591027,2.660702,2.142282,2.191277,2.025975,95.762130,-685.798745,-716.232705,-25803.655914,-7275.609319,-3939.068100
1.291921,1.925002,1.926553,2.155330,1.871221,2.233228,1.672909,2.336335,2.175565,2.095316,2.144645,1.642720,2.693093,2.168729,2.232754,2.078994,96.839142,-684.254735,-717.239318,-26221.397849,-7550.215054,-4014.086022
1.311115,1.946182,1.948486,2.177899,1.878119,2.198030,1.684878,2.332892,2.190078,2.123466,2.176482,1.668074,2.721491,2.202071,2.266246,2.111924,93.770777,-684.628598,-715.326689,-26859.677419,-7598.387097,-4291.075269
1.323349,1.960912,1.949735,2.195682,1.897215,2.202306,1.708178,2.344194,2.193494,2.132152,2.204025,1.692046,2.733077,2.215954,2.274317,2.137375,91.369694,-687.619998,-713.713126,-27723.512545,-7607.670251,-4460.430108
1.343645,1.987253,1.992530,2.240013,1.921336,2.201160,1.716098,2.373204,2.201684,2.162881,2.228208,1.724613,2.754966,2.225554,2.292944,2.164381,90.004518,-687.163019,-714.002625,-28228.566308,-7612.437276,-4816.827957
1.351070,1.998715,2.004750,2.274767,1.911187,2.214254,1.721936,2.423133,2.234154,2.180969,2.237876,1.729964,2.779403,2.247611,2.297985,2.169620,90.607956,-688.809402,-716.404983,-28608.172043,-7626.236559,-5088.172043
1.364427,2.019430,2.007570,2.306035,1.935503,2.286841,1.732321,2.511746,2.212335,2.179140,2.252070,1.740726,2.767066,2.249035,2.296604,2.182220,89.815178,-689.535697,-716.445233,-28762.974910,-7496.397849,-5250.250896
1.386692,2.057815,2.074861,2.390312,1.949608,2.317727,1.731904,2.577225,2.273869,2.234619,2.287083,1.775881,2.821733,2.275381,2.314819,2.201902,89.351227,-689.094488,-717.144876,-28245.878136,-6876.057348,-5457.491039
1.395763,2.073743,2.073087,2.418175,1.951916,2.387517,1.736742,2.664261,2.289967,2.249050,2.299177,1.783138,2.840947,2.293606,2.324572,2.207468,89.677873,-687.908142,-717.131761,-27922.096774,-6022.634409,-5568.387097
1.421557,2.126999,2.126872,2.507953,1.977127,2.441392,1.739560,2.771013,2.336992,2.307610,2.359416,1.823574,2.896961,2.341689,2.370650,2.242482,89.970408,-689.587726,-718.967419,-27513.010753,-5118.279570,-5648.673835
1.436939,2.153672,2.161385,2.565480,1.992129,2.445337,1.748164,2.804112,2.386359,2.348546,2.394659,1.852699,2.952259,2.369150,2.395560,2.261249,91.115199,-689.148290,-717.434345,-27084.982079,-4186.953405,-5894.551971
1.450526,2.183925,2.179850,2.607289,2.002456,2.464278,1.747713,2.860522,2.396194,2.375844,2.425717,1.874825,2.977105,2.400480,2.433294,2.280211,92.693762,-688.305644,-715.339803,-26768.602151,-3226.021505,-6266.881720
1.457930,2.210311,2.219443,2.684207,2.012554,2.490477,1.745263,2.935787,2.440049,2.413182,2.469664,1.896168,3.033303,2.442385,2.472322,2.300385,94.241721,-685.302425,-717.740856,-26486.720430,-2744.551971,-6649.874552
1.463689,2.219049,2.234424,2.705612,2.022856,2.451767,1.748263,2.926591,2.437141,2.423085,2.474939,1.910612,3.040548,2.445277,2.479010,2.303507,96.175356,-681.292607,-718.534537,-26451.720430,-2274.623656,-7128.207885
1.449841,2.211136,2.245937,2.733311,2.003923,2.492156,1.722514,2.974528,2.452004,2.427664,2.474834,1.901065,3.063113,2.473645,2.500663,2.303725,98.376604,-682.086278,-719.508785,-26822.043011,-2707.043011,-7496.397849
1.448469,2.210267,2.267931,2.763416,2.003393,2.496909,1.718134,3.006035,2.467307,2.441349,2.485732,1.910091,3.100428,2.511788,2.531775,2.327346,102.399541,-686.423602,-718.584391,-27093.763441,-3209.462366,-7670.394265
1.431310,2.187132,2.282985,2.776238,1.982148,2.507359,1.690955,3.019614,2.473860,2.453362,2.462120,1.913981,3.127290,2.526382,2.533209,2.328182,103.916887,-687.402223,-721.494455,-26475.555556,-2800.000000,-7606.666667
1.409840,2.161566,2.261979,2.770972,1.956451,2.546191,1.671444,3.050914,2.479649,2.436829,2.443750,1.896089,3.153559,2.564326,2.558586,2.339541,107.493805,-685.626894,-726.138774,-25066.774194,-2261.827957,-7532.150538
1.397653,2.145547,2.260260,2.786331,1.931213,2.582657,1.643313,3.103503,2.489337,2.454567,2.446827,1.908853,3.201886,2.611381,2.604086,2.378223,110.005955,-681.825210,-730.234296,-23644.068100,-2494.408602,-7369.068100
1.358097,2.089740,2.220354,2.760309,1.903240,2.594110,1.623265,3.100061,2.458502,2.418169,2.402006,1.898028,3.201088,2.597521,2.596076,2.379442,110.816231,-670.863577,-734.216124,-22179.211470,-2504.444444,-6992.974910
1.346026,2.076681,2.186296,2.745782,1.887582,2.626689,1.613912,3.116645,2.469726,2.417639,2.392886,1.903959,3.225497,2.644386,2.634719,2.408492,105.131206,-681.126012,-702.058842,-21585.967742,-3233.548387,-6609.354839
1.334898,2.059479,2.163108,2.751081,1.899107,2.699034,1.625286,3.166880,2.451570,2.416103,2.393090,1.932203,3.226027,2.650402,2.668009,2.450347,108.933321,-691.879063,-703.926018,-22090.645161,-5941.720430,-6248.817204
1.322626,2.042871,2.154504,2.753581,1.918818,2.708881,1.643649,3.144986,2.459474,2.417154,2.383223,1.964074,3.247837,2.653886,2.688797,2.481387,108.440947,-668.529839,-726.732584,-21336.953405,-4176.039427,-5959.408602
1.350593,2.090923,2.177670,2.799596,1.983080,2.808811,1.700586,3.187884,2.519550,2.479922,2.424507,2.047480,3.293641,2.724274,2.757384,2.545267,107.155356,-662.362947,-737.394250,-21686.451613,-2506.451613,-5422.365591
1.382461,2.133456,2.205684,2.859559,2.053111,2.904017,1.756789,3.280817,2.543963,2.530814,2.477119,2.114884,3.332937,2.764608,2.825715,2.618584,108.581315,-668.682007,-737.964439,-23332.455197,-3748.637993,-4817.580645
1.413747,2.192498,2.266634,2.944664,2.131986,3.000253,1.821027,3.321119,2.618430,2.594890,2.513608,2.204151,3.394639,2.800132,2.871704,2.667876,110.156819,-670.905556,-738.486552,-23125.089606,-3786.774194,-3942.078853
1.468614,2.282500,2.326664,3.027696,2.223572,3.117154,1.903796,3.407208,2.696210,2.683018,2.588248,2.308547,3.460654,2.886731,2.942799,2.736037,110.584474,-668.876172,-742.415913,-21827.204301,-2629.892473,-2733.763441
1.504918,2.337413,2.365011,3.096726,2.282628,3.213273,1.946545,3.506184,2.733102,2.738187,2.644243,2.359502,3.507059,2.924825,2.996915,2.790207,112.962384,-667.982815,-749.951071,-20927.741935,-2033.261649,-1991.612903
1.533115,2.396876,2.414942,3.176299,2.350725,3.340972,2.004512,3.566104,2.781155,2.773857,2.669730,2.430739,3.521556,2.926455,2.998873,2.803566,113.276345,-666.922848,-752.729945,-19637.508961,-1817.741935,-1422.078853
1.551173,2.433256,2.435492,3.211980,2.376476,3.404466,2.025817,3.605054,2.813065,2.807338,2.695315,2.462432,3.543430,2.961132,3.009980,2.815848,111.258754,-665.164998,-754.526704,-18017.096774,-2087.956989,-992.043011
1.569199,2.469919,2.450758,3.263870,2.413919,3.519876,2.049616,3.686033,2.826404,2.827561,2.725622,2.491521,3.548800,2.961217,3.022049,2.833551,111.710897,-664.664770,-753.892677,-17025.681004,-2664.139785,-964.569892
1.575473,2.488955,2.461619,3.296589,2.436910,3.619449,2.064907,3.726038,2.825729,2.827431,2.730518,2.514938,3.532076,2.944563,3.007625,2.830703,111.335714,-663.629291,-755.474733,-15978.566308,-3639.498208,-1054.767025
1.570619,2.491483,2.452161,3.296349,2.429270,3.635710,2.057574,3.727046,2.829654,2.827888,2.730648,2.511401,3.528249,2.948716,2.999512,2.820030,111.223336,-664.642876,-753.855073,-15258.118280,-4551.881720,-1356.344086
1.581524,2.514333,2.455450,3.321053,2.452147,3.701932,2.072216,3.761083,2.827781,2.842705,2.761584,2.528956,3.534872,2.952254,3.021897,2.843202,110.978895,-664.073557,-754.832816,-14163.835125,-5177.491039,-1643.118280
1.580155,2.515466,2.447383,3.321622,2.455037,3.720331,2.073698,3.770625,2.815362,2.839328,2.776442,2.533900,3.527061,2.941234,3.027038,2.847306,110.703414,-665.904418,-751.449619,-13106.559140,-5485.967742,-1956.487455
1.569706,2.502617,2.413499,3.287704,2.441182,3.694654,2.065655,3.730461,2.787769,2.818622,2.770943,2.518777,3.507431,2.935005,3.020725,2.840493,112.072089,-668.024800,-748.418849,-12151.397849,-5107.741935,-2288.172043
1.590255,2.533797,2.417314,3.306083,2.466348,3.700708,2.086625,3.746377,2.786214,2.855324,2.839862,2.540857,3.539922,2.962980,3.079593,2.885803,111.370693,-668.500101,-748.410987,-11106.039427,-4402.473118,-2494.659498
1.571891,2.503378,2.382353,3.273356,2.451113,3.680593,2.076716,3.732984,2.753711,2.825419,2.833285,2.525608,3.524312,2.949220,3.075542,2.888315,110.615081,-670.373813,-743.935885,-10279.713262,-3661.326165,-2648.709677
1.572232,2.495411,2.333024,3.226480,2.454032,3.657842,2.086344,3.704740,2.678089,2.790907,2.835430,2.512065,3.475282,2.934119,3.078069,2.894616,109.520582,-670.236533,-740.568869,-9472.204301,-2717.580645,-2879.032258
1.600253,2.540421,2.364396,3.269986,2.492241,3.656421,2.115841,3.742133,2.712693,2.852295,2.915761,2.550574,3.544634,2.992631,3.148761,2.951489,109.109103,-672.325822,-738.511939,-9124.086022,-1853.118280,-2954.050179
1.586994,2.512678,2.331440,3.233229,2.487347,3.618619,2.116178,3.723961,2.653766,2.809111,2.894374,2.534661,3.504190,2.972431,3.137177,2.953492,107.629799,-673.007107,-736.126151,-8803.566308,-1274.175627,-2986.666667
1.621161,2.566982,2.355600,3.274728,2.527315,3.625590,2.145375,3.761399,2.671909,2.852744,2.958673,2.565965,3.533941,3.010862,3.183233,2.989780,105.746453,-674.095934,-735.980087,-8567.096774,-770.752688,-3038.602151
1.622054,2.582423,2.375390,3.309243,2.530656,3.605601,2.140882,3.777976,2.703110,2.882306,2.988147,2.580849,3.582844,3.046792,3.210448,3.009285,104.020523,-674.466288,-735.082797,-8433.870968,-447.473118,-2963.458781
1.624440,2.588105,2.378686,3.310811,2.535079,3.567504,2.144491,3.769620,2.706745,2.883998,2.993509,2.582588,3.582660,3.048729,3.211941,3.013324,103.436760,-676.628611,-730.598968,-8354.838710,-85.304659,-2860.716846
1.631958,2.615833,2.393737,3.349605,2.545545,3.575479,2.146200,3.787210,2.732998,2.909367,3.027259,2.597484,3.604749,3.064839,3.220871,3.018746,101.850325,-673.825675,-731.303416,-8218.978495,-25.215054,-2859.838710
1.628719,2.624854,2.416822,3.377173,2.541528,3.544867,2.136632,3.778378,2.773151,2.934655,3.025478,2.607345,3.651435,3.091812,3.231360,3.018218,99.775887,-674.770189,-727.390236,-8173.189964,-331.182796,-2765.627240
1.640173,2.644964,2.427059,3.389301,2.564676,3.562784,2.158126,3.791598,2.778088,2.940110,3.035946,2.620043,3.643403,3.081803,3.228611,3.020552,97.948947,-670.319188,-727.060980,-8463.978495,-1220.734767,-2730.878136
1.641886,2.664863,2.450721,3.439444,2.567514,3.576699,2.153074,3.808443,2.820832,2.974598,3.051496,2.642520,3.694515,3.120905,3.244090,3.026916,97.762670,-671.813355,-726.306681,-8773.333333,-2193.333333,-2893.333333
